patch r g b
a1 9166.2 5333.4 7888.3
a10 3970.9 2239.7 3023.3
a11 3790.9 2347.9 3154.5
a12 3642.5 2436.8 3234.7
a13 3514.5 1410.5 1968.3
a14 3395.0 1445.4 1947.9
a15 3342.8 1348.9 1897.7
a16 3364.3 1359.9 1866.1
a17 3312.8 1325.9 1858.2
a18 3292.0 1297.0 1798.2
a19 3386.7 1334.0 1732.7
a2 8595.7 5466.1 7992.0
a20 10231.8 5394.5 8446.0
a21 8062.9 5240.7 8327.6
a22 5490.6 5118.6 7928.6
a3 8085.4 5568.1 8123.4
a4 7861.3 5587.3 8076.5
a5 6629.7 4216.6 5897.5
a6 5564.6 4605.2 6173.7
a7 4826.4 4923.9 6448.8
a8 4235.0 5196.7 6671.2
a9 4194.9 2125.0 2947.5
b1 9283.0 5396.8 8167.1
b10 3935.7 2232.8 3403.0
b11 3764.0 2344.1 3721.2
b12 3640.4 2441.3 4023.2
b13 3782.8 1419.9 1987.7
b14 3436.3 1545.2 1964.0
b15 3364.1 1396.8 2215.5
b16 3715.2 1551.2 2190.8
b17 3381.2 1537.2 2171.5
b18 3612.7 1338.0 2094.5
b19 3611.2 1423.0 1741.4
b2 8946.3 5512.8 8380.8
b20 9658.7 5384.3 8493.8
b21 6295.8 5217.5 8252.1
b22 3941.6 2717.3 4769.3
b3 8498.3 5591.1 8498.7
b4 8294.7 5598.3 8561.1
b5 6400.9 4265.5 6796.1
b6 5522.9 4658.7 7470.2
b7 4779.4 5086.9 8049.8
b8 4251.7 5296.4 8330.5
b9 4189.5 2120.8 3092.7
c1 8988.4 5121.1 8000.2
c10 3779.7 2012.8 3507.4
c11 3649.0 2068.2 4158.7
c12 3550.3 2130.3 4695.1
c13 4169.3 1429.1 1981.4
c14 3498.8 1712.8 1989.1
c15 3394.3 1445.3 2611.7
c16 4118.3 1776.4 2554.7
c17 3444.2 1765.6 2540.2
c18 4000.5 1397.6 2466.2
c19 4032.7 1581.3 1767.1
c2 8894.8 5281.1 8419.9
c20 10312.2 5416.3 8702.2
c21 4150.9 3652.5 7112.3
c22 3882.0 2295.1 3937.3
c3 8750.4 5354.2 8710.1
c4 8652.7 5318.9 8767.5
c5 4873.7 2881.5 5520.7
c6 4425.4 3139.1 7473.3
c7 4117.9 3399.2 8548.5
c8 4013.8 3540.3 8847.6
c9 3914.7 1905.0 2991.4
d1 9236.0 5122.0 8072.7
d10 3768.2 1740.3 3266.8
d11 3747.0 1754.3 3921.7
d12 3672.9 1669.6 6400.9
d13 4649.0 1432.5 1968.1
d14 3557.5 1911.3 1999.3
d15 3384.5 1472.6 3048.7
d16 4651.5 2057.1 2976.7
d17 3487.8 2036.0 2971.2
d18 4447.6 1434.8 2872.8
d19 4556.7 1772.5 1775.2
d2 9429.6 5170.6 8525.3
d20 5429.6 4459.0 7918.8
d21 5063.0 2721.5 4953.5
d22 3779.0 2047.1 3665.4
d3 9562.7 5244.3 8864.9
d4 9500.9 5128.3 8942.9
d5 4938.0 2445.1 4929.6
d6 4838.7 2440.0 6993.4
d7 4890.5 2387.3 8566.6
d8 4997.5 2364.9 9183.6
d9 3821.5 1723.9 2772.3
e1 9504.0 5107.5 8184.5
e10 4716.4 1967.8 3798.4
e11 4867.1 1931.6 4412.8
e12 5424.5 1727.8 6413.8
e13 5358.4 1453.5 1968.8
e14 3632.0 2167.5 2015.9
e15 3385.5 1507.3 3630.9
e16 5348.4 2388.3 3533.1
e17 3550.6 2367.1 3548.9
e18 5065.0 1488.0 3423.3
e19 5284.2 1994.5 1796.6
e2 9791.2 5112.8 8611.2
e20 3965.2 4141.9 8414.7
e21 4977.9 3811.0 8098.9
e22 3894.7 2686.0 6113.5
e3 9999.9 5104.5 8967.0
e4 10114.8 5017.3 9078.2
e5 7580.7 3347.9 6573.9
e6 8146.0 3249.7 8111.7
e7 8825.7 3087.5 9019.4
e8 9364.3 2960.9 9517.3
e9 4617.1 2018.7 3349.6
f1 10042.8 5536.8 8558.5
f10 5111.4 1919.7 3146.4
f11 5440.4 1860.3 3271.5
f12 6671.0 1661.5 3746.6
f13 6292.0 1461.7 1968.1
f14 3717.3 2441.2 2056.2
f15 3381.9 1538.4 4317.3
f16 6348.6 2813.3 4287.0
f17 3621.7 2750.4 4257.6
f18 5944.7 1544.9 4106.1
f19 6366.1 2265.1 1836.1
f2 10200.0 5508.2 8655.9
f20 4616.9 2595.7 5177.4
f21 3844.9 2392.1 5556.2
f22 3708.7 2130.1 4430.9
f3 10373.7 5537.6 8907.6
f4 10478.0 5491.3 8956.9
f5 9526.9 4191.4 7124.9
f6 10045.7 4046.9 7803.7
f7 10402.6 3930.0 8374.6
f8 10657.2 3837.1 8962.7
f9 4790.6 1981.0 3049.1
g1 9897.9 5297.5 7991.5
g10 5323.4 1876.7 2844.2
g11 5808.1 1822.1 2823.0
g12 7393.7 1578.2 2712.4
g13 7271.3 1461.9 1953.5
g14 3810.7 2778.6 2060.5
g15 3349.5 1539.5 5200.2
g16 7465.5 3397.2 5160.9
g17 3683.7 3212.9 5121.5
g18 6887.3 1569.3 5030.2
g19 7523.2 2614.0 1910.3
g2 10133.6 5278.1 8037.8
g20 3955.2 2160.7 4721.6
g21 3886.1 2167.8 6109.3
g22 3325.6 1802.1 8507.3
g3 10307.3 5220.1 8083.8
g4 10416.7 5190.9 8039.3
g5 9029.1 3593.1 5664.4
g6 9804.8 3433.0 5619.2
g7 10308.3 3317.7 5651.0
g8 10538.6 3270.5 5662.6
g9 4852.1 1944.5 2878.5
gs0 3182.1 1349.3 1827.9
gs1 3382.3 1471.3 2005.6
gs10 6696.4 3007.2 4586.6
gs11 7334.5 3349.7 5170.6
gs12 7942.8 3661.0 5616.9
gs13 8481.8 4025.9 6083.6
gs14 9014.3 4386.6 6560.0
gs15 9495.7 4710.5 7173.8
gs16 9889.2 5003.7 7638.5
gs17 10196.1 5194.1 8050.2
gs18 10342.1 5336.9 8404.4
gs19 10490.0 5401.1 8631.9
gs2 3575.4 1554.3 2165.0
gs20 10477.5 5411.0 8691.6
gs21 10431.7 5386.4 8682.7
gs22 10371.3 5315.1 8663.0
gs23 10274.6 5236.0 8584.3
gs3 3762.0 1659.8 2338.1
gs4 4027.1 1794.1 2552.1
gs5 4369.2 1960.7 2835.7
gs6 4754.5 2141.8 3135.9
gs7 5177.0 2324.0 3445.9
gs8 5622.3 2494.3 3767.7
gs9 6127.7 2735.2 4149.4
h1 9856.0 5311.6 7685.7
h10 5257.8 1924.8 2553.5
h11 5738.2 1846.6 2362.1
h12 7201.6 1625.2 1987.0
h13 8287.7 1495.5 1979.5
h14 3919.4 3173.0 2096.4
h15 3337.4 1552.9 6209.2
h16 8661.5 4145.0 6268.2
h17 3776.0 3751.8 6127.7
h18 7900.8 1641.2 6129.0
h19 8758.1 3096.0 1966.7
h2 10101.5 5311.6 7247.6
h20 3850.9 1904.9 4777.2
h21 4562.7 2075.9 3648.4
h22 4135.9 1771.3 5595.1
h3 10296.8 5266.0 6859.1
h4 10400.0 5168.0 6524.0
h5 8911.2 3660.1 4972.8
h6 9785.3 3491.5 4319.1
h7 10289.1 3352.3 3763.0
h8 10611.3 3221.9 3301.2
h9 4852.6 1968.7 2709.8
i1 9490.5 5066.1 6503.2
i10 4715.6 2019.2 2531.1
i11 4873.0 2040.0 2402.0
i12 5077.6 1957.4 2016.8
i13 9105.8 1534.2 1987.6
i14 4040.4 3625.0 2162.8
i15 3309.4 1554.1 7220.1
i16 9617.9 4812.0 7294.1
i17 3882.2 4361.5 7012.1
i18 8830.5 1747.6 7267.3
i19 9755.7 3691.8 2050.8
i2 9814.4 4993.0 5369.1
i20 3997.0 1670.5 4770.5
i21 8272.6 2700.1 8369.9
i22 5456.8 1595.8 4273.6
i3 10089.6 4897.4 4393.0
i4 10425.9 4652.5 3161.6
i5 7417.6 3331.9 4267.4
i6 7953.3 3313.2 3611.1
i7 8373.7 3230.6 3115.8
i8 9518.0 2883.7 2144.5
i9 4605.0 2036.1 2720.4
j1 9909.7 5583.8 7728.0
j10 4515.3 2096.6 2560.7
j11 4524.1 2121.4 2381.5
j12 4489.2 2108.6 2068.0
j13 9738.2 1620.9 2013.5
j14 4171.1 4107.2 2193.2
j15 3323.1 1579.9 8231.0
j16 10313.6 5287.3 8290.8
j17 4043.1 4872.5 7850.2
j18 9642.0 1970.1 8442.6
j19 10374.7 4301.2 2188.7
j2 9927.8 5554.2 6780.1
j20 5576.0 1596.7 3582.5
j21 10248.6 3560.3 9081.1
j22 10472.7 5166.6 8740.9
j3 10145.8 5568.5 5540.3
j4 10491.1 5275.3 3029.7
j5 7835.0 3917.6 4854.0
j6 7878.4 3972.6 4087.0
j7 7959.1 3965.2 3421.6
j8 8136.5 3787.2 2228.5
j9 4536.4 2064.0 2714.5
k1 8876.4 5255.6 6715.7
k10 4223.4 2204.8 2587.9
k11 4116.6 2292.4 2441.1
k12 3875.0 2391.8 2108.3
k13 10184.8 1786.8 2099.3
k14 4353.9 4582.9 2357.3
k15 3373.1 1676.1 8852.3
k16 10718.0 5574.2 8840.8
k17 4244.0 5232.4 8276.2
k18 10183.5 2373.4 9141.4
k19 10625.6 4818.7 2423.2
k2 8316.7 5353.6 5645.8
k20 10421.7 5139.1 8597.4
k21 10475.9 5277.6 8569.3
k22 10384.0 5177.2 7917.5
k3 7687.0 5419.6 4814.4
k4 7379.5 5444.7 4412.4
k5 6596.3 3609.0 4389.8
k6 5966.2 3846.4 3730.7
k7 5487.9 3996.8 3192.6
k8 4623.8 4268.0 2323.5
k9 4384.9 2121.4 2739.3
l1 9299.1 5491.5 7908.2
l10 4101.5 2266.9 2872.8
l11 3960.9 2386.2 2823.9
l12 3774.2 2447.1 2737.8
l13 10435.7 2070.7 2239.8
l14 4584.6 4947.4 2606.3
l15 3449.1 1845.4 9113.7
l16 10873.4 5665.2 9081.2
l17 4538.7 5383.7 8450.5
l18 10484.6 3079.0 9431.8
l19 10680.4 5165.2 2898.1
l2 8799.7 5566.4 7746.4
l20 10610.4 5488.2 8845.5
l21 10493.3 5424.5 8707.1
l22 10128.8 5302.1 8451.7
l3 8184.8 5640.9 7591.0
l4 7993.5 5647.9 7498.1
l5 6765.5 4221.5 5403.6
l6 5719.6 4641.3 5147.8
l7 4922.2 4953.2 4844.4
l8 4413.1 5210.4 4508.4
l9 4313.3 2154.0 2880.3
