patch r g b
a1 5615.5 3657.7 4826.0
a10 2369.8 1089.6 1428.0
a11 2221.4 1133.9 1464.9
a12 2098.7 1167.5 1477.3
a13 2048.2 703.8 932.8
a14 2004.1 735.0 944.9
a15 1997.5 712.1 942.5
a16 2001.8 712.3 924.4
a17 1967.6 692.4 922.3
a18 1983.2 688.6 909.7
a19 2053.1 709.3 894.4
a2 4850.7 4253.6 5091.0
a20 8360.4 4952.5 7294.5
a21 4412.1 4465.6 7071.6
a22 3188.3 4266.0 6887.1
a3 4427.5 4776.6 5476.8
a4 4348.4 4853.0 5437.0
a5 3795.5 2225.4 2732.9
a6 3261.6 2590.0 2876.5
a7 2857.9 3073.3 3013.0
a8 2463.4 3768.7 3161.2
a9 2530.6 1038.9 1379.5
b1 5818.9 3659.6 5537.4
b10 2349.3 1088.8 1575.0
b11 2208.8 1137.3 1719.9
b12 2083.7 1178.1 1830.6
b13 2239.2 712.8 938.1
b14 2022.9 777.0 946.9
b15 1978.9 717.9 1076.7
b16 2248.0 799.4 1056.5
b17 2002.1 791.9 1049.0
b18 2219.8 712.1 1044.0
b19 2235.5 757.2 892.4
b2 5115.3 4157.2 6606.6
b20 5943.7 4716.3 7496.8
b21 3576.7 4505.8 7332.3
b22 2457.2 1429.6 2260.1
b3 4651.7 4645.8 7415.9
b4 4528.9 4744.7 7737.0
b5 3691.4 2279.0 3452.6
b6 3225.7 2655.6 4266.5
b7 2750.6 3216.8 5535.4
b8 2375.1 3989.0 6849.0
b9 2533.0 1029.1 1448.0
c1 5441.1 3045.5 4969.6
c10 2229.1 969.1 1629.8
c11 2095.5 989.6 1899.8
c12 2025.3 1026.7 2157.3
c13 2501.5 720.4 937.3
c14 2074.1 856.0 960.5
c15 1975.5 735.6 1225.2
c16 2520.3 897.1 1215.5
c17 2017.8 883.3 1196.5
c18 2453.7 724.9 1193.4
c19 2516.4 824.8 895.0
c2 5062.3 3239.3 6380.0
c20 8064.8 4852.2 7847.5
c21 2510.3 1985.4 3962.1
c22 2395.2 1181.8 1839.6
c3 4841.5 3451.9 7943.9
c4 4738.4 3370.6 8265.6
c5 2968.8 1427.7 2570.3
c6 2631.9 1513.4 4115.4
c7 2311.9 1538.7 6685.0
c8 2213.6 1557.8 8543.6
c9 2362.6 943.0 1419.6
d1 5925.1 2948.8 5151.6
d10 2222.9 853.1 1530.5
d11 2176.4 849.6 1790.5
d12 2097.6 792.9 3107.7
d13 2833.9 729.8 950.3
d14 2110.7 952.8 964.2
d15 1971.4 750.5 1423.3
d16 2861.4 1032.1 1409.1
d17 2036.4 1010.2 1373.2
d18 2735.4 744.8 1363.3
d19 2852.0 914.4 906.3
d2 5877.9 2946.4 6508.6
d20 3241.0 2646.7 5366.8
d21 3133.1 1399.1 2302.6
d22 2342.3 1053.8 1736.9
d3 5916.4 2945.8 8177.2
d4 5669.3 2794.3 8401.1
d5 2968.5 1182.9 2250.7
d6 2866.2 1141.6 3548.6
d7 2833.6 997.6 5993.8
d8 2837.5 785.2 9081.3
d9 2290.0 853.8 1311.6
e1 6588.0 2852.7 5231.2
e10 2850.3 964.3 1792.0
e11 2931.0 951.2 2051.5
e12 3181.4 837.4 3083.3
e13 3193.9 741.1 951.7
e14 2162.0 1075.4 975.3
e15 1915.2 744.2 1629.5
e16 3225.5 1197.3 1642.7
e17 2063.3 1164.0 1592.4
e18 3065.9 769.0 1595.7
e19 3259.7 1029.8 912.6
e2 7081.8 2681.6 6716.5
e20 2254.8 2244.7 7988.8
e21 2987.7 2021.4 5892.6
e22 2405.4 1399.4 3085.2
e3 7671.8 2547.2 8395.9
e4 7633.5 2397.8 8702.5
e5 4278.4 1601.1 3205.4
e6 4515.7 1432.8 4731.2
e7 4929.8 1196.4 6914.0
e8 5534.7 933.8 9317.4
e9 2814.0 996.9 1607.6
f1 9769.3 3959.5 6590.9
f10 3057.9 944.0 1480.2
f11 3227.5 923.1 1556.6
f12 3791.3 830.9 1740.3
f13 3663.2 751.6 956.4
f14 2217.1 1216.4 989.8
f15 1929.3 762.2 1976.0
f16 3719.7 1415.7 1930.1
f17 2115.6 1385.1 1914.4
f18 3495.9 795.5 1915.6
f19 3792.3 1175.1 933.7
f2 10830.1 3755.2 7345.1
f20 2893.9 1330.3 2476.3
f21 2369.8 1224.5 2670.2
f22 2271.9 1082.7 2034.0
f3 11408.9 3550.2 8149.6
f4 11664.5 3379.2 8267.7
f5 6147.5 1983.0 3614.0
f6 7876.5 1688.2 4156.0
f7 9851.8 1433.7 4915.5
f8 11377.6 1208.3 6223.8
f9 2921.2 983.3 1470.2
g1 9029.1 3190.3 4760.4
g10 3168.2 927.8 1350.1
g11 3413.0 907.7 1351.8
g12 4170.3 807.1 1303.0
g13 4156.2 754.2 948.8
g14 2299.6 1422.3 1017.4
g15 1917.3 772.0 2429.4
g16 4258.1 1718.3 2360.8
g17 2158.6 1685.4 2332.2
g18 3983.2 815.5 2360.1
g19 4394.7 1349.1 945.7
g2 10630.6 2982.7 4819.4
g20 2453.3 1095.5 2241.8
g21 2392.3 1102.5 3032.9
g22 1820.8 673.4 7117.2
g3 11533.6 2784.9 4782.1
g4 11716.0 2674.4 4789.2
g5 5550.8 1693.5 2608.0
g6 7183.8 1470.4 2495.9
g7 9412.1 1248.7 2459.1
g8 11300.9 1100.3 2432.8
g9 2955.0 972.3 1389.1
gs0 1937.6 696.9 883.9
gs1 2074.4 758.5 980.4
gs10 3868.5 1501.0 2122.8
gs11 4160.5 1676.7 2349.6
gs12 4474.9 1832.1 2562.7
gs13 4860.6 2045.7 2827.8
gs14 5281.2 2287.6 3144.5
gs15 5849.1 2592.5 3633.1
gs16 6545.8 2942.9 4115.8
gs17 7377.4 3276.3 4796.1
gs18 8337.9 3725.7 5562.9
gs19 9527.0 4300.3 6494.3
gs2 2196.3 796.3 1051.6
gs20 10395.0 4886.3 7377.3
gs21 10709.8 5103.7 7724.2
gs22 10874.7 5241.6 7931.7
gs23 11362.9 5313.0 8061.4
gs3 2339.3 851.9 1146.7
gs4 2503.4 911.5 1252.5
gs5 2715.3 992.9 1377.2
gs6 2903.2 1054.8 1481.5
gs7 3111.8 1140.2 1574.9
gs8 3364.4 1250.2 1747.3
gs9 3621.8 1372.1 1928.2
h1 8728.9 3242.9 4143.9
h10 3155.3 955.4 1233.4
h11 3377.2 920.2 1139.5
h12 4111.3 837.2 978.6
h13 4814.4 762.6 959.3
h14 2384.9 1675.5 1026.4
h15 1898.2 760.5 3030.1
h16 4935.2 2109.5 2878.1
h17 2189.4 2050.5 2874.6
h18 4563.5 819.5 2934.4
h19 5240.8 1557.6 947.7
h2 10310.1 3055.6 3617.1
h20 2344.1 955.4 2237.1
h21 2825.5 1061.0 1686.3
h22 2559.8 891.4 2709.8
h3 11612.4 2890.7 3186.5
h4 11873.6 2681.8 2984.4
h5 5384.7 1766.5 2250.2
h6 6885.8 1537.6 1885.6
h7 9231.5 1313.1 1637.3
h8 11379.7 1126.9 1442.8
h9 2979.9 986.4 1323.6
i1 6866.4 2901.1 2979.7
i10 2895.3 1009.2 1228.9
i11 2945.9 1003.2 1138.5
i12 3090.4 983.0 997.7
i13 5709.2 753.1 956.3
i14 2458.3 1988.0 1027.2
i15 1868.5 730.6 3849.7
i16 5974.7 2685.9 3648.8
i17 2248.6 2615.6 3690.8
i18 5350.2 800.4 3778.7
i19 6564.9 1843.0 947.3
i2 7953.9 2747.0 2265.0
i20 2455.3 840.4 2232.7
i21 4659.4 1183.7 5559.2
i22 3275.3 825.2 1953.2
i3 9282.3 2541.9 1818.6
i4 11791.0 2117.6 1343.4
i5 4278.6 1675.8 2004.0
i6 4557.1 1640.4 1697.9
i7 4819.8 1595.6 1470.1
i8 6239.0 1358.9 1040.8
i9 2846.2 1023.7 1330.8
j1 8502.7 4241.5 4160.5
j10 2770.4 1051.6 1241.4
j11 2733.1 1036.3 1116.4
j12 2725.7 1036.1 981.3
j13 6959.4 721.5 938.4
j14 2559.4 2409.5 1034.0
j15 1810.5 672.3 5125.6
j16 7529.2 3415.1 4956.1
j17 2308.0 3371.4 4962.0
j18 6578.9 737.9 5146.1
j19 8548.7 2172.9 930.2
j2 8699.2 4232.2 3022.8
j20 3324.0 824.7 1647.3
j21 9077.5 1120.8 8279.5
j22 10872.5 3350.2 8171.7
j3 9447.8 4031.1 2160.1
j4 12117.4 3191.5 1184.6
j5 4518.4 2042.6 2273.0
j6 4500.6 2059.2 1875.1
j7 4518.5 2048.3 1566.0
j8 4665.8 1984.7 1083.5
j9 2799.9 1036.6 1312.1
k1 5423.9 3311.8 3186.7
k10 2576.0 1093.2 1235.2
k11 2470.7 1111.9 1133.4
k12 2295.9 1161.6 981.7
k13 8620.6 679.6 923.6
k14 2693.5 2989.4 1040.6
k15 1796.1 585.6 7093.1
k16 9840.6 4653.3 6933.7
k17 2412.4 4361.4 6704.1
k18 8411.8 642.9 7110.9
k19 10796.5 2622.6 951.3
k2 4900.1 3715.8 2444.4
k20 9305.1 3008.8 6064.9
k21 10895.4 3842.7 6471.8
k22 10682.5 3451.2 4455.4
k3 4479.5 4037.5 1956.5
k4 4319.4 4243.2 1764.6
k5 3844.4 1885.8 2059.6
k6 3564.7 2038.1 1735.3
k7 3323.2 2187.1 1477.6
k8 2872.7 2489.4 1079.5
k9 2695.0 1057.4 1323.0
l1 6008.0 4040.6 4705.4
l10 2470.5 1110.8 1330.8
l11 2327.7 1148.1 1276.4
l12 2195.9 1180.1 1224.7
l13 10200.6 684.7 946.2
l14 2849.1 3580.0 1060.3
l15 1816.3 503.0 9308.0
l16 12015.8 5986.7 9199.9
l17 2597.6 5489.5 8408.9
l18 10439.9 649.6 9521.6
l19 12263.6 3255.3 1029.4
l2 5201.6 4589.9 4369.9
l20 11655.4 5430.1 7922.2
l21 10662.3 5336.8 7299.8
l22 7756.2 4840.7 6196.9
l3 4694.9 4983.1 4093.6
l4 4620.1 5039.3 3961.3
l5 3945.9 2315.1 2564.0
l6 3421.9 2698.5 2311.1
l7 3021.5 3212.7 2066.7
l8 2694.8 3845.4 1836.8
l9 2638.6 1059.0 1360.3
