patch r g b
a1 6340.2 4283.5 6197.5
a10 2677.1 1305.2 1844.3
a11 2551.2 1386.2 1904.8
a12 2453.6 1445.1 1953.5
a13 2347.0 846.8 1236.2
a14 2295.1 882.4 1259.4
a15 2254.3 830.8 1226.8
a16 2276.5 841.4 1207.6
a17 2251.8 829.5 1207.1
a18 2231.6 802.7 1170.0
a19 2306.8 824.9 1131.2
a2 5335.5 4751.7 6425.2
a20 8951.4 5240.2 8286.6
a21 4795.3 4751.5 7929.2
a22 3473.8 4468.7 7761.1
a3 4761.6 5111.5 6804.1
a4 4630.8 5113.8 6820.5
a5 3995.2 2660.0 3600.4
a6 3504.6 3048.7 3846.2
a7 3130.3 3511.9 4067.6
a8 2792.6 4182.5 4326.4
a9 2819.7 1255.4 1799.8
b1 6577.4 4328.1 6812.4
b10 2655.9 1312.9 2040.6
b11 2526.7 1376.5 2197.1
b12 2417.3 1433.5 2380.1
b13 2534.2 856.0 1237.6
b14 2319.7 939.8 1254.1
b15 2267.0 859.4 1403.9
b16 2537.5 952.1 1390.1
b17 2292.8 948.4 1387.8
b18 2487.2 841.0 1358.2
b19 2485.0 890.0 1131.7
b2 5703.5 4741.3 7597.1
b20 6875.5 5079.3 8350.8
b21 3861.9 4711.5 8044.0
b22 2704.4 1731.4 2970.3
b3 5100.3 5096.3 8242.4
b4 4936.3 5140.5 8429.0
b5 3891.8 2721.6 4512.2
b6 3452.9 3111.6 5554.7
b7 3059.4 3682.0 6849.6
b8 2742.0 4377.1 7813.8
b9 2823.2 1256.5 1883.7
c1 6075.9 3630.2 6298.5
c10 2538.5 1172.7 2106.3
c11 2417.9 1199.4 2444.2
c12 2335.6 1224.9 2789.7
c13 2782.3 863.4 1232.8
c14 2343.8 1019.3 1241.5
c15 2278.9 881.7 1621.7
c16 2789.9 1074.1 1565.7
c17 2322.9 1071.0 1580.3
c18 2720.6 871.9 1560.3
c19 2753.1 980.1 1136.7
c2 5653.2 3891.5 7502.2
c20 8702.4 5185.7 8652.7
c21 2778.8 2414.3 5180.3
c22 2649.2 1426.1 2384.6
c3 5404.5 4128.9 8592.7
c4 5213.1 4005.5 8793.3
c5 3171.5 1754.1 3374.4
c6 2885.9 1879.5 5356.6
c7 2633.0 1965.2 7794.2
c8 2571.0 2064.0 8943.7
c9 2648.6 1138.2 1832.3
d1 6587.5 3540.7 6487.4
d10 2521.0 1024.1 1957.8
d11 2483.4 1018.1 2300.1
d12 2403.3 934.7 4030.6
d13 3054.0 869.9 1218.7
d14 2378.8 1132.9 1238.7
d15 2260.6 890.9 1848.2
d16 3097.1 1247.1 1815.5
d17 2342.2 1222.4 1794.1
d18 2986.6 895.7 1783.2
d19 3053.3 1092.9 1155.5
d2 6669.1 3633.2 7702.5
d20 3444.4 3038.4 6638.8
d21 3325.9 1713.0 3081.0
d22 2582.3 1255.6 2210.7
d3 6778.2 3673.8 8852.3
d4 6491.3 3472.9 9095.4
d5 3197.3 1455.1 2956.1
d6 3127.7 1418.4 4669.5
d7 3077.7 1253.4 7312.0
d8 3130.2 1114.8 9483.0
d9 2561.1 1017.3 1667.4
e1 7232.1 3466.1 6543.5
e10 3093.3 1160.9 2300.4
e11 3179.7 1140.0 2629.8
e12 3406.0 988.5 3997.2
e13 3384.4 875.1 1215.5
e14 2413.0 1263.0 1226.2
e15 2236.6 894.1 2138.8
e16 3449.0 1449.4 2126.5
e17 2385.1 1428.8 2105.5
e18 3288.8 914.5 2070.9
e19 3426.7 1229.7 1169.0
e2 7776.2 3415.3 7987.8
e20 2578.8 2743.7 8489.5
e21 3209.7 2427.4 7116.8
e22 2631.2 1696.2 4028.7
e3 8347.1 3318.9 9120.0
e4 8348.5 3186.7 9361.8
e5 4576.4 1980.9 4161.5
e6 4937.8 1793.1 6061.1
e7 5502.2 1541.4 8125.9
e8 6311.3 1328.3 9725.2
e9 3029.8 1181.5 1999.2
f1 9265.7 4696.9 7764.4
f10 3297.8 1136.8 1899.8
f11 3464.7 1102.0 1988.3
f12 4013.9 982.0 2177.2
f13 3845.2 883.1 1208.2
f14 2470.6 1443.3 1251.0
f15 2213.6 898.0 2535.2
f16 3909.4 1712.3 2512.5
f17 2412.3 1695.6 2531.7
f18 3704.0 935.4 2468.2
f19 3942.2 1387.0 1155.8
f2 9807.3 4634.5 8299.2
f20 3089.0 1618.7 3230.7
f21 2602.2 1467.4 3496.3
f22 2504.1 1273.9 2625.5
f3 10142.1 4540.6 8876.2
f4 10296.4 4389.5 9065.9
f5 6868.5 2458.4 4731.2
f6 8366.3 2178.3 5510.7
f7 9516.1 1984.4 6449.8
f8 10159.7 1801.5 7721.5
f9 3132.3 1170.6 1840.9
g1 8865.4 3943.7 6155.4
g10 3392.1 1118.7 1736.7
g11 3640.5 1091.0 1745.1
g12 4453.0 943.2 1615.2
g13 4402.4 884.5 1197.7
g14 2538.8 1684.3 1274.1
g15 2183.2 894.1 3098.4
g16 4505.0 2072.4 3053.3
g17 2446.8 2058.0 3075.4
g18 4214.3 944.2 3019.2
g19 4634.3 1605.3 1164.2
g2 9684.4 3818.1 6140.2
g20 2673.3 1300.1 2878.1
g21 2607.2 1308.2 3971.6
g22 2111.7 860.3 8042.6
g3 10074.8 3694.2 6185.8
g4 10244.4 3573.2 6156.4
g5 6161.3 2095.9 3392.8
g6 7772.2 1872.1 3314.2
g7 9318.1 1693.8 3322.5
g8 10116.4 1600.0 3299.7
g9 3192.2 1175.6 1766.7
gs0 2113.1 804.0 1085.0
gs1 2252.3 875.0 1195.8
gs10 4028.0 1798.1 2623.8
gs11 4353.3 2011.7 2934.0
gs12 4714.2 2188.2 3221.9
gs13 5183.8 2446.1 3619.4
gs14 5729.2 2725.1 4066.1
gs15 6375.9 3013.0 4627.7
gs16 7150.3 3445.8 5260.1
gs17 7986.9 3929.3 6073.2
gs18 8716.4 4417.6 6803.8
gs19 9347.9 4877.0 7576.8
gs2 2380.9 927.3 1291.8
gs20 9791.6 5254.7 8228.3
gs21 9904.6 5335.9 8490.7
gs22 9889.1 5334.4 8646.7
gs23 9989.6 5340.1 8664.0
gs3 2529.9 991.4 1389.2
gs4 2685.3 1060.1 1514.9
gs5 2877.8 1152.7 1663.0
gs6 3059.5 1244.4 1796.4
gs7 3265.4 1358.0 1967.0
gs8 3515.3 1481.9 2149.4
gs9 3758.6 1638.8 2376.4
h1 8706.4 3971.2 5436.1
h10 3365.7 1146.1 1560.8
h11 3588.0 1094.4 1458.2
h12 4340.1 973.6 1220.6
h13 5183.9 878.4 1186.1
h14 2602.2 1997.7 1274.3
h15 2151.3 876.9 3879.4
h16 5393.0 2540.3 3804.5
h17 2479.3 2498.6 3857.5
h18 4932.8 947.7 3788.1
h19 5719.8 1879.0 1153.9
h2 9516.8 3841.9 4747.8
h20 2580.7 1120.4 2867.1
h21 3013.4 1255.0 2131.7
h22 2766.1 1057.5 3503.0
h3 10135.7 3781.8 4235.9
h4 10270.9 3516.4 3953.5
h5 5971.1 2172.4 2909.8
h6 7564.5 1941.6 2460.5
h7 9196.2 1752.2 2136.9
h8 10104.9 1625.9 1864.4
h9 3194.3 1180.3 1667.7
i1 7384.0 3455.0 3925.8
i10 3105.0 1206.7 1549.0
i11 3165.1 1199.5 1457.4
i12 3259.1 1147.8 1239.6
i13 6204.8 858.1 1165.0
i14 2680.9 2373.0 1269.1
i15 2128.9 854.5 4894.7
i16 6614.6 3193.1 4906.4
i17 2530.7 3064.0 4809.0
i18 5954.7 925.8 4844.0
i19 7148.5 2217.1 1168.9
i2 8210.0 3290.0 2968.1
i20 2687.1 990.0 2838.9
i21 5066.8 1446.7 6851.2
i22 3441.4 961.6 2542.0
i3 9047.8 3138.3 2359.3
i4 10236.5 2812.8 1726.2
i5 4580.9 2051.7 2524.8
i6 4914.5 1996.5 2097.9
i7 5275.1 1946.8 1820.2
i8 6909.0 1677.4 1289.9
i9 3058.4 1219.5 1669.7
j1 8647.0 4866.2 5448.3
j10 2987.1 1242.4 1551.8
j11 2974.0 1239.5 1427.5
j12 2960.7 1237.2 1254.9
j13 7482.1 844.6 1170.6
j14 2791.5 2834.5 1282.9
j15 2098.9 799.3 6489.4
j16 8189.4 4119.7 6497.5
j17 2596.3 3741.0 6293.2
j18 7229.0 896.1 6401.9
j19 8727.4 2626.6 1162.2
j2 8791.2 4851.2 3997.8
j20 3497.9 956.1 2094.8
j21 9025.5 1642.9 9058.2
j22 9905.2 4197.9 8844.1
j3 9261.6 4687.8 2900.5
j4 10439.0 3960.0 1548.5
j5 4819.3 2455.4 2876.4
j6 4825.5 2472.3 2367.1
j7 4811.5 2436.5 1901.1
j8 5002.3 2393.5 1309.8
j9 3023.1 1236.9 1660.2
k1 5967.2 3843.7 4176.1
k10 2812.8 1296.0 1548.1
k11 2738.6 1343.9 1452.0
k12 2551.9 1392.0 1246.4
k13 8654.3 867.4 1195.2
k14 2922.4 3383.5 1318.8
k15 2093.3 742.4 8120.6
k16 9727.3 5208.5 8147.5
k17 2709.1 4571.5 7642.2
k18 8576.3 917.0 8214.4
k19 9971.5 3244.7 1209.3
k2 5200.0 4157.4 3158.9
k20 9271.4 3779.1 7496.9
k21 9955.2 4606.0 7801.0
k22 9801.2 4239.6 5980.4
k3 4650.3 4357.6 2525.1
k4 4514.1 4538.7 2307.7
k5 4025.6 2269.0 2556.8
k6 3741.1 2458.0 2176.1
k7 3506.3 2606.5 1822.7
k8 3075.7 2921.1 1322.8
k9 2916.7 1255.3 1657.7
l1 6604.6 4571.4 5953.2
l10 2718.6 1322.2 1668.2
l11 2609.6 1381.6 1638.1
l12 2459.3 1414.9 1554.6
l13 9482.0 956.8 1227.0
l14 3090.3 3927.0 1388.8
l15 2144.3 771.3 9443.9
l16 10605.4 5829.7 9425.1
l17 2920.2 5282.3 8562.3
l18 9602.5 1189.5 9668.2
l19 10555.7 4024.6 1367.8
l2 5562.6 4971.7 5573.3
l20 10330.7 5544.2 8722.8
l21 9907.9 5401.4 8273.5
l22 8384.8 5139.5 7603.2
l3 4894.8 5198.3 5232.5
l4 4797.6 5193.9 5069.9
l5 4086.8 2705.4 3229.9
l6 3597.3 3127.4 2963.6
l7 3238.2 3616.6 2676.8
l8 2933.4 4180.6 2355.3
l9 2849.6 1263.3 1709.9
