patch r g b
a1 5234.9 2825.8 3572.7
a10 2105.0 826.9 1037.0
a11 1988.6 866.4 1058.2
a12 1887.9 890.4 1078.1
a13 1902.3 535.6 690.2
a14 1853.0 552.2 693.6
a15 1852.3 528.4 694.2
a16 1860.6 534.5 688.5
a17 1826.6 520.9 682.5
a18 1823.4 514.5 676.3
a19 1865.2 523.3 649.8
a2 4494.1 3412.4 3725.5
a20 7103.7 3875.6 5335.5
a21 3881.3 3559.8 5286.1
a22 2523.3 3339.1 5232.8
a3 4009.1 4035.8 3991.1
a4 3860.9 4067.9 3917.5
a5 3341.2 1671.7 2128.6
a6 2736.8 1899.9 2209.0
a7 2324.0 2222.3 2296.6
a8 1965.0 2803.1 2389.3
a9 2239.6 800.6 1022.8
b1 5351.7 2835.8 4111.3
b10 2077.5 833.3 1155.1
b11 1948.1 863.8 1241.5
b12 1850.7 892.9 1321.4
b13 2064.0 540.6 699.5
b14 1847.7 577.8 688.5
b15 1829.1 538.3 778.9
b16 2034.8 593.4 761.9
b17 1836.0 589.5 765.0
b18 2017.5 531.1 760.3
b19 2011.1 560.0 654.6
b2 4702.5 3287.4 4904.5
b20 5399.7 3819.3 5662.8
b21 2880.3 3577.6 5471.1
b22 2075.5 1056.2 1680.5
b3 4226.3 3837.0 5745.6
b4 4066.3 3967.0 5987.7
b5 3207.9 1705.2 2656.5
b6 2658.1 1924.5 3203.6
b7 2191.5 2314.2 4115.5
b8 1834.2 2952.4 5276.1
b9 2234.6 797.2 1072.3
c1 4987.0 2262.1 3642.1
c10 1979.2 744.9 1186.9
c11 1865.3 759.8 1362.8
c12 1788.6 776.7 1551.7
c13 2283.6 548.8 699.8
c14 1895.1 644.2 707.4
c15 1824.3 553.5 883.7
c16 2228.2 670.1 858.5
c17 1832.9 664.4 868.4
c18 2202.6 550.0 869.8
c19 2247.4 617.4 662.2
c2 4680.3 2438.0 4706.9
c20 6883.2 3837.5 6004.7
c21 2041.5 1409.9 2935.1
c22 2064.7 887.4 1338.0
c3 4436.1 2592.2 6244.6
c4 4333.8 2524.8 6612.8
c5 2532.1 1108.8 1984.7
c6 2181.8 1140.3 3090.9
c7 1899.1 1115.9 5117.2
c8 1767.4 1049.5 7012.5
c9 2108.6 728.0 1048.7
d1 5361.1 2177.8 3744.5
d10 1981.1 651.3 1093.9
d11 1942.3 654.0 1278.5
d12 1827.6 617.4 2231.0
d13 2532.7 553.7 694.1
d14 1931.5 726.4 724.3
d15 1808.3 570.0 1034.8
d16 2495.5 779.5 1003.0
d17 1843.1 764.1 1004.1
d18 2416.0 571.1 990.8
d19 2534.9 693.7 676.5
d2 5362.3 2184.4 4863.2
d20 2591.6 1835.6 3852.3
d21 2630.7 1031.1 1684.9
d22 2032.6 788.6 1247.2
d3 5393.7 2156.8 6509.4
d4 5202.2 2037.4 6809.4
d5 2564.2 932.6 1714.5
d6 2416.7 889.6 2674.9
d7 2321.6 766.2 4491.4
d8 2260.6 513.7 7464.0
d9 2058.8 659.9 966.8
e1 5850.7 2105.3 3790.7
e10 2474.9 744.3 1292.9
e11 2517.1 723.0 1453.2
e12 2680.8 644.9 2214.7
e13 2841.5 559.5 687.2
e14 1975.0 817.5 742.1
e15 1790.7 585.1 1213.2
e16 2823.0 911.7 1198.8
e17 1847.0 890.9 1192.2
e18 2662.6 587.0 1150.6
e19 2865.8 771.1 678.2
e2 6258.4 1998.8 5103.2
e20 1749.7 1476.3 6421.2
e21 2401.0 1393.5 4260.9
e22 1998.5 1018.3 2248.2
e3 6657.9 1853.4 6745.8
e4 6618.9 1728.9 6999.2
e5 3825.5 1220.2 2414.8
e6 4074.1 1108.8 3567.5
e7 4436.9 900.4 5211.5
e8 4886.2 627.7 7742.5
e9 2469.0 773.4 1176.7
f1 8229.4 2870.2 4693.0
f10 2670.2 723.8 1067.9
f11 2826.1 705.5 1113.4
f12 3345.2 638.2 1218.4
f13 3262.1 566.4 686.7
f14 2006.5 928.1 742.2
f15 1772.5 596.7 1444.3
f16 3237.3 1059.7 1411.1
f17 1855.9 1041.8 1428.8
f18 3043.4 613.2 1387.2
f19 3346.6 865.3 677.3
f2 9697.3 2646.9 5401.9
f20 2415.5 986.1 1797.7
f21 1997.8 907.4 1947.3
f22 1968.4 811.1 1472.3
f3 10943.9 2405.9 6128.9
f4 11227.7 2239.3 6216.7
f5 5551.3 1506.0 2713.5
f6 6750.5 1315.5 3182.1
f7 8426.3 1089.4 3636.0
f8 10737.9 823.7 4434.0
f9 2568.7 760.5 1073.8
g1 7617.3 2329.3 3455.6
g10 2794.6 711.0 984.6
g11 3015.2 691.2 968.1
g12 3755.6 606.6 907.0
g13 3758.6 569.1 682.5
g14 2058.3 1065.6 752.3
g15 1736.7 598.7 1773.5
g16 3788.9 1270.4 1725.4
g17 1850.0 1243.6 1743.1
g18 3501.4 634.6 1721.0
g19 4026.1 1008.9 695.7
g2 9521.2 2097.9 3389.0
g20 2088.1 820.7 1624.4
g21 2005.3 817.7 2211.6
g22 1542.4 476.7 5361.0
g3 11321.0 1879.5 3357.6
g4 11574.3 1777.5 3327.4
g5 5128.4 1320.6 2016.5
g6 6320.0 1179.7 1973.1
g7 8068.0 995.3 1861.5
g8 10764.8 787.2 1771.9
g9 2620.3 760.3 1032.9
gs0 1770.6 536.2 645.2
gs1 1873.0 578.3 704.5
gs10 3403.2 1131.2 1536.8
gs11 3661.8 1240.1 1702.3
gs12 4008.5 1352.0 1874.1
gs13 4406.3 1506.5 2060.6
gs14 4867.6 1703.6 2369.2
gs15 5400.2 1918.1 2731.1
gs16 5887.9 2152.2 3036.2
gs17 6544.8 2460.6 3518.1
gs18 7281.4 2831.7 4017.4
gs19 8103.3 3270.9 4663.6
gs2 2013.6 624.9 776.1
gs20 8906.7 3742.1 5291.4
gs21 9342.1 3973.6 5613.1
gs22 9803.6 4209.1 6123.6
gs23 10904.5 4293.1 6310.9
gs3 2139.7 673.0 850.0
gs4 2291.1 722.3 930.5
gs5 2448.7 786.3 1018.9
gs6 2580.4 835.0 1108.5
gs7 2751.5 901.0 1208.1
gs8 2931.6 965.9 1300.1
gs9 3151.4 1046.1 1419.5
h1 7376.8 2401.0 3043.9
h10 2770.3 726.9 886.7
h11 3004.6 700.6 825.0
h12 3679.8 614.8 682.7
h13 4418.1 576.7 685.7
h14 2106.3 1241.3 761.6
h15 1690.4 588.1 2183.3
h16 4532.9 1546.3 2119.9
h17 1853.8 1504.1 2189.7
h18 4067.3 637.5 2124.8
h19 4908.6 1167.5 700.1
h2 8994.4 2194.6 2621.5
h20 2025.4 725.4 1611.8
h21 2431.0 790.6 1191.8
h22 2186.1 683.7 1936.8
h3 11262.3 1971.3 2280.9
h4 11998.5 1782.0 2143.2
h5 5018.2 1376.8 1728.9
h6 6155.1 1229.6 1468.6
h7 7943.5 1045.5 1233.7
h8 11126.9 801.9 1036.5
h9 2663.9 773.6 990.8
i1 6054.1 2174.9 2272.0
i10 2579.5 780.7 910.8
i11 2623.0 763.8 828.0
i12 2737.1 729.7 712.9
i13 5253.7 577.9 689.6
i14 2165.8 1488.2 776.7
i15 1652.3 570.3 2785.0
i16 5458.4 1962.3 2681.8
i17 1863.7 1885.6 2754.5
i18 4796.3 629.6 2724.0
i19 6056.1 1391.7 720.4
i2 6831.6 2062.7 1743.2
i20 2125.2 648.6 1588.0
i21 4217.0 883.4 3937.8
i22 2855.5 628.6 1404.7
i3 8026.3 1893.1 1391.4
i4 12181.9 1404.0 981.0
i5 3920.2 1291.3 1498.9
i6 4202.5 1256.4 1267.9
i7 4484.2 1218.0 1103.2
i8 5764.8 1065.5 794.2
i9 2553.9 802.4 994.8
j1 7242.0 3270.1 2980.9
j10 2456.7 796.2 899.9
j11 2462.1 792.2 822.5
j12 2443.4 786.3 726.1
j13 6293.4 579.3 693.4
j14 2240.6 1804.8 793.1
j15 1612.9 529.6 3797.2
j16 6697.9 2583.4 3621.6
j17 1862.9 2433.5 3702.6
j18 5740.8 603.4 3739.1
j19 7534.2 1615.5 714.6
j2 7400.7 3285.0 2231.2
j20 2932.9 633.9 1185.6
j21 7678.9 770.3 6521.2
j22 9658.8 2280.0 6129.9
j3 8065.1 3076.7 1643.3
j4 12814.4 2105.6 861.8
j5 4132.4 1536.6 1696.6
j6 4112.5 1538.7 1406.0
j7 4165.6 1538.8 1168.4
j8 4347.8 1499.1 816.9
j9 2516.3 808.6 988.2
k1 5009.3 2526.5 2392.5
k10 2305.2 828.4 892.2
k11 2208.7 845.4 815.7
k12 2079.1 887.1 732.5
k13 7613.6 568.9 695.6
k14 2326.1 2248.3 818.4
k15 1577.8 441.8 5362.6
k16 8416.2 3561.5 4981.4
k17 1867.1 3353.3 5078.5
k18 7084.6 529.1 5333.9
k19 9921.4 1878.7 721.6
k2 4488.5 2854.9 1857.5
k20 7972.4 2171.3 4324.9
k21 9694.6 2714.1 4519.7
k22 9522.2 2458.7 3126.0
k3 4069.5 3173.4 1507.8
k4 3901.8 3395.6 1346.6
k5 3422.6 1434.8 1543.8
k6 3113.8 1531.3 1286.3
k7 2863.7 1629.5 1098.4
k8 2479.9 1863.9 824.2
k9 2411.7 819.3 977.5
l1 5500.6 3167.2 3458.4
l10 2221.8 848.3 969.7
l11 2077.3 867.3 921.8
l12 1980.1 896.3 893.2
l13 9298.8 557.2 709.6
l14 2425.2 2755.4 831.9
l15 1545.6 285.6 8041.0
l16 10864.3 4898.9 7352.8
l17 1936.0 4881.5 7022.0
l18 9167.0 379.3 7926.2
l19 13017.0 2243.1 781.1
l2 4760.8 3745.4 3166.6
l20 10672.6 4284.3 5784.3
l21 9305.4 4247.5 5213.8
l22 6851.1 3931.1 4445.9
l3 4262.2 4257.9 2969.0
l4 4124.0 4266.6 2831.7
l5 3475.5 1721.7 1909.0
l6 2917.9 2014.0 1752.9
l7 2505.3 2380.9 1604.9
l8 2229.1 2944.8 1439.1
l9 2368.9 833.3 1014.6
