patch,r,g,b,refR,refG,refB,refX,refY,refZ
a1,7932.9,4723.0,6835.5,0,0,0,3.60,3.01,2.05
a10,3283.9,1624.8,2193.0,0,0,0,42.88,40.04,30.47
a11,3122.1,1713.2,2262.5,0,0,0,45.09,40.03,29.12
a12,3016.6,1784.4,2317.4,0,0,0,46.77,39.85,28.06
a13,2896.7,1020.2,1443.9,0,0,0,71.78,75.46,63.09
a14,2831.7,1059.7,1449.3,0,0,0,71.91,73.14,62.17
a15,2794.0,1003.4,1447.9,0,0,0,74.11,76.98,63.06
a16,2802.0,1014.0,1427.7,0,0,0,72.73,75.12,62.60
a17,2747.9,981.9,1414.9,0,0,0,74.05,76.81,62.33
a18,2720.1,960.3,1365.1,0,0,0,74.16,77.19,62.97
a19,2781.3,977.3,1301.9,0,0,0,69.16,71.70,62.05
a2,6939.6,5059.1,7053.8,0,0,0,4.42,2.97,1.76
a20,9754.4,5191.4,8165.9,0,0,0,1.37,1.12,0.78
a21,6178.4,4968.8,7835.2,0,0,0,5.17,3.27,0.85
a22,4201.0,4693.1,7555.0,0,0,0,10.35,5.90,0.91
a3,6254.8,5255.7,7317.6,0,0,0,5.12,3.01,1.46
a4,6055.6,5271.8,7323.2,0,0,0,5.65,3.26,1.60
a5,5073.0,3180.0,4420.4,0,0,0,12.71,10.97,7.93
a6,4296.4,3575.9,4665.7,0,0,0,15.07,11.10,6.97
a7,3850.9,4041.2,4941.3,0,0,0,17.42,11.10,6.06
a8,3486.8,4588.0,5204.7,0,0,0,20.36,11.07,5.12
a9,3464.7,1561.7,2157.4,0,0,0,40.62,39.94,31.49
b1,8128.6,4765.7,7335.7,0,0,0,3.35,2.93,1.63
b10,3270.1,1642.7,2482.3,0,0,0,42.59,40.11,26.44
b11,3113.6,1715.0,2657.8,0,0,0,44.29,39.94,23.52
b12,3008.4,1802.4,2889.7,0,0,0,45.98,39.89,21.17
b13,3107.0,1031.6,1449.2,0,0,0,65.55,71.21,61.79
b14,2843.7,1124.6,1448.5,0,0,0,68.80,67.99,60.07
b15,2787.0,1025.6,1627.0,0,0,0,71.26,74.48,51.88
b16,3095.6,1158.6,1630.8,0,0,0,57.82,60.00,49.14
b17,2790.7,1131.3,1612.8,0,0,0,65.61,64.93,49.68
b18,2985.9,994.8,1566.4,0,0,0,62.84,68.83,51.29
b19,2988.2,1056.6,1310.5,0,0,0,60.77,62.73,59.44
b2,7436.8,5037.7,7804.1,0,0,0,3.98,2.94,1.07
b20,8443.7,5152.6,8216.5,0,0,0,2.87,2.06,0.80
b21,4710.2,4914.2,7759.1,0,0,0,8.37,4.88,0.88
b22,3229.3,2081.9,3566.1,0,0,0,29.02,24.67,11.91
b3,6715.5,5242.4,8073.4,0,0,0,4.71,3.09,0.74
b4,6469.5,5275.4,8236.4,0,0,0,5.08,3.21,0.69
b5,4866.6,3217.9,5293.1,0,0,0,12.86,11.10,5.86
b6,4254.0,3632.4,6334.4,0,0,0,14.66,11.01,3.94
b7,3799.1,4176.7,7304.7,0,0,0,16.97,10.94,2.28
b8,3480.3,4733.1,7889.1,0,0,0,19.70,11.01,1.20
b9,3461.7,1554.1,2273.3,0,0,0,40.39,40.01,29.68
c1,7648.4,4272.6,6965.0,0,0,0,4.49,4.31,2.29
c10,3123.0,1457.4,2539.7,0,0,0,48.17,47.13,26.63
c11,3002.4,1500.8,3004.7,0,0,0,49.81,47.42,21.58
c12,2934.7,1545.4,3435.2,0,0,0,50.47,46.85,18.10
c13,3384.2,1042.4,1455.8,0,0,0,58.24,65.94,60.94
c14,2887.9,1234.1,1448.1,0,0,0,64.18,60.73,57.45
c15,2792.7,1049.2,1865.8,0,0,0,68.73,71.96,42.70
c16,3375.4,1302.3,1855.3,0,0,0,45.88,47.73,38.75
c17,2826.4,1284.4,1849.0,0,0,0,58.66,55.64,39.40
c18,3277.4,1028.3,1818.1,0,0,0,53.28,61.12,41.61
c19,3293.1,1166.2,1321.1,0,0,0,50.72,52.04,56.28
c2,7308.1,4504.2,7748.6,0,0,0,4.90,4.37,1.42
c20,9734.1,5227.7,8415.7,0,0,0,1.70,1.45,0.76
c21,3358.1,2812.3,5936.4,0,0,0,22.87,17.19,4.72
c22,3171.9,1734.1,2856.2,0,0,0,34.53,31.48,17.40
c3,7033.8,4668.7,8346.3,0,0,0,5.13,4.30,0.82
c4,6865.8,4587.1,8455.1,0,0,0,5.70,4.77,0.85
c5,3857.0,2133.0,4034.8,0,0,0,23.78,22.59,10.89
c6,3510.2,2277.5,6045.9,0,0,0,25.55,22.41,5.50
c7,3312.4,2469.4,7964.8,0,0,0,27.72,22.42,2.39
c8,3267.2,2614.1,8600.7,0,0,0,28.70,22.23,1.28
c9,3277.2,1413.3,2225.8,0,0,0,46.89,47.28,32.40
d1,8070.9,4225.2,7093.4,0,0,0,4.16,4.32,2.27
d10,3107.6,1264.9,2373.5,0,0,0,52.96,55.14,30.47
d11,3073.1,1261.9,2807.3,0,0,0,52.49,54.62,24.44
d12,2997.1,1185.9,4870.4,0,0,0,52.17,54.65,11.69
d13,3719.5,1045.4,1456.6,0,0,0,51.28,60.55,59.94
d14,2923.0,1381.3,1461.6,0,0,0,58.99,52.82,54.44
d15,2787.0,1068.5,2172.1,0,0,0,66.07,69.08,34.69
d16,3727.3,1496.4,2142.9,0,0,0,35.35,36.71,29.94
d17,2863.0,1485.3,2128.8,0,0,0,51.68,46.54,30.64
d18,3571.6,1056.2,2083.6,0,0,0,44.32,53.48,33.27
d19,3633.5,1300.3,1331.4,0,0,0,41.16,41.63,52.50
d2,8250.0,4301.8,7947.6,0,0,0,4.07,4.26,1.47
d20,4168.0,3548.0,7108.7,0,0,0,13.96,10.52,2.72
d21,3963.9,2057.2,3586.3,0,0,0,21.28,20.60,11.58
d22,3094.2,1532.5,2658.8,0,0,0,38.28,36.52,19.91
d3,8382.5,4349.8,8546.1,0,0,0,4.08,4.30,0.89
d4,8137.8,4181.9,8645.4,0,0,0,4.69,4.91,0.92
d5,3883.1,1780.2,3556.9,0,0,0,26.68,27.74,13.94
d6,3790.1,1752.5,5545.2,0,0,0,26.33,27.41,7.43
d7,3794.4,1641.6,7724.4,0,0,0,26.10,27.43,3.60
d8,3918.7,1592.2,8988.8,0,0,0,25.91,27.31,1.65
d9,3167.7,1263.5,2023.7,0,0,0,53.02,55.12,37.61
e1,8554.2,4155.8,7206.2,0,0,0,3.71,4.20,2.30
e10,3773.0,1429.5,2763.8,0,0,0,36.12,40.08,23.52
e11,3870.5,1398.3,3216.6,0,0,0,34.48,39.54,19.51
e12,4190.6,1225.5,4838.0,0,0,0,31.25,39.49,11.51
e13,4152.4,1056.6,1436.2,0,0,0,44.56,54.93,58.76
e14,2973.8,1570.5,1465.1,0,0,0,53.83,45.36,51.25
e15,2777.2,1088.0,2580.0,0,0,0,63.56,66.14,27.30
e16,4187.2,1760.1,2519.9,0,0,0,26.43,27.39,22.31
e17,2895.1,1745.8,2511.1,0,0,0,45.25,38.47,22.96
e18,3963.1,1075.4,2481.3,0,0,0,36.26,46.15,25.81
e19,4122.5,1469.5,1336.0,0,0,0,32.70,32.33,48.49
e2,9002.4,4113.9,8062.9,0,0,0,3.39,4.21,1.48
e20,3197.1,3261.4,8195.4,0,0,0,24.10,16.56,1.28
e21,3898.2,2898.5,7473.4,0,0,0,16.87,13.84,2.61
e22,3181.2,2079.0,4800.1,0,0,0,29.42,25.29,8.09
e3,9394.1,4103.7,8702.8,0,0,0,3.12,4.17,0.94
e4,9440.1,3959.5,8917.9,0,0,0,3.34,4.54,0.97
e5,5836.5,2392.9,4996.8,0,0,0,12.46,14.03,7.52
e6,6361.8,2223.2,6754.0,0,0,0,11.51,14.17,4.54
e7,7100.0,2023.7,8286.1,0,0,0,10.28,14.01,2.58
e8,7997.2,1865.4,9275.8,0,0,0,9.41,13.94,1.45
e9,3714.3,1463.8,2425.5,0,0,0,37.32,40.04,27.82
f1,9784.5,5044.4,7934.2,0,0,0,1.44,1.82,1.33
f10,4014.0,1396.1,2269.0,0,0,0,35.06,39.82,30.35
f11,4177.9,1327.5,2333.9,0,0,0,33.34,39.72,28.68
f12,5077.0,1185.8,2628.3,0,0,0,28.72,39.60,25.54
f13,4798.3,1056.2,1427.9,0,0,0,37.91,49.00,57.14
f14,3027.6,1791.9,1468.3,0,0,0,48.68,38.42,47.78
f15,2751.2,1099.5,3084.0,0,0,0,61.43,63.43,21.20
f16,4849.3,2087.0,3055.2,0,0,0,19.07,19.84,16.29
f17,2951.6,2080.5,3048.2,0,0,0,39.69,31.74,17.01
f18,4562.7,1122.6,2960.8,0,0,0,29.06,39.29,19.71
f19,4874.8,1686.2,1358.2,0,0,0,25.36,24.37,44.23
f2,10124.3,5023.3,8286.7,0,0,0,1.14,1.81,1.11
f20,3678.8,1969.6,3895.3,0,0,0,25.51,24.40,11.61
f21,3140.0,1827.3,4218.8,0,0,0,32.92,29.82,10.41
f22,3032.6,1608.6,3210.1,0,0,0,37.76,35.31,15.44
f3,10274.2,4931.4,8540.7,0,0,0,0.96,1.86,0.95
f4,10438.2,4914.4,8698.6,0,0,0,1.04,2.07,1.04
f5,8288.7,3015.2,5587.5,0,0,0,6.56,8.17,5.70
f6,9398.6,2806.4,6356.8,0,0,0,5.29,8.10,4.88
f7,10068.3,2666.4,7216.1,0,0,0,4.12,7.88,4.01
f8,10462.2,2525.4,8162.1,0,0,0,3.17,7.93,3.15
f9,3827.5,1443.8,2215.9,0,0,0,36.82,39.95,31.21
g1,9511.6,4530.9,6873.7,0,0,0,2.24,2.84,2.62
g10,4149.8,1360.3,2068.1,0,0,0,34.81,40.06,34.24
g11,4454.1,1312.1,2032.1,0,0,0,32.74,39.52,34.75
g12,5681.2,1124.4,1931.0,0,0,0,28.17,39.67,37.32
g13,5579.2,1046.5,1410.8,0,0,0,32.34,43.69,55.43
g14,3105.8,2079.4,1486.1,0,0,0,43.33,31.66,43.84
g15,2720.4,1098.7,3779.3,0,0,0,59.44,60.70,15.78
g16,5723.8,2502.7,3723.1,0,0,0,13.19,13.68,11.25
g17,2996.9,2482.7,3735.3,0,0,0,34.42,25.62,11.79
g18,5307.4,1141.3,3678.3,0,0,0,22.98,33.15,14.47
g19,5889.0,1956.2,1364.2,0,0,0,19.22,17.59,39.78
g2,9959.2,4492.1,6937.8,0,0,0,1.80,2.81,2.81
g20,3212.6,1617.2,3524.8,0,0,0,35.48,34.29,14.35
g21,3152.8,1629.7,4778.4,0,0,0,33.68,32.18,9.03
g22,2663.7,1235.9,8081.5,0,0,0,44.97,41.42,2.73
g3,10205.3,4379.6,6905.5,0,0,0,1.51,2.88,3.06
g4,10353.6,4319.7,6881.8,0,0,0,1.63,3.14,3.31
g5,7656.0,2523.9,4069.3,0,0,0,9.02,11.02,9.72
g6,8984.1,2343.2,4042.9,0,0,0,7.51,10.82,10.37
g7,9918.5,2206.7,4094.9,0,0,0,6.21,10.78,10.87
g8,10371.3,2148.6,4118.7,0,0,0,4.84,10.54,11.46
g9,3867.8,1429.2,2091.8,0,0,0,36.78,40.10,33.33
gs0,2559.6,983.3,1299.9,0,0,0,74.72,77.75,63.04
gs1,2729.7,1067.8,1436.6,0,0,0,65.56,67.88,55.45
gs10,5015.2,2199.0,3220.9,0,0,0,18.22,18.88,15.51
gs11,5494.9,2445.8,3593.0,0,0,0,15.15,15.65,12.67
gs12,6052.1,2654.0,3940.1,0,0,0,12.54,12.98,10.68
gs13,6639.4,2940.8,4402.9,0,0,0,10.08,10.41,8.63
gs14,7302.9,3290.7,4928.1,0,0,0,8.00,8.24,6.87
gs15,8000.7,3667.2,5562.3,0,0,0,6.21,6.42,5.29
gs16,8656.2,4147.0,6210.9,0,0,0,4.68,4.81,4.05
gs17,9287.4,4525.0,6875.1,0,0,0,3.52,3.65,3.03
gs18,9760.1,4857.4,7473.9,0,0,0,2.57,2.68,2.23
gs19,10074.6,5073.3,7912.0,0,0,0,1.75,1.84,1.54
gs2,2881.4,1133.2,1533.9,0,0,0,58.77,60.99,49.71
gs20,10182.1,5180.4,8172.5,0,0,0,1.17,1.22,1.07
gs21,10173.3,5204.3,8263.8,0,0,0,0.95,1.00,0.87
gs22,10134.6,5206.8,8315.8,0,0,0,0.75,0.80,0.70
gs23,10116.7,5189.2,8329.9,0,0,0,0.43,0.52,0.56
gs3,3047.8,1218.3,1668.7,0,0,0,52.06,53.98,44.05
gs4,3237.9,1316.4,1818.4,0,0,0,45.81,47.44,38.70
gs5,3476.4,1435.2,2014.9,0,0,0,39.71,41.23,33.59
gs6,3717.2,1560.5,2214.1,0,0,0,34.84,36.16,29.36
gs7,3974.9,1700.5,2398.3,0,0,0,30.03,31.18,25.42
gs8,4264.7,1835.1,2605.7,0,0,0,25.60,26.60,21.81
gs9,4639.3,2030.7,2935.3,0,0,0,21.49,22.27,18.18
h1,9415.0,4603.1,6296.2,0,0,0,2.48,2.90,3.30
h10,4085.1,1397.1,1842.6,0,0,0,35.94,39.86,39.41
h11,4382.4,1328.9,1708.5,0,0,0,34.77,40.11,43.54
h12,5491.7,1157.8,1430.1,0,0,0,31.37,39.86,53.60
h13,6624.2,1045.3,1409.3,0,0,0,27.40,38.66,53.54
h14,3190.7,2434.0,1501.6,0,0,0,38.54,25.97,40.04
h15,2684.5,1096.0,4658.5,0,0,0,57.65,58.09,11.55
h16,6943.5,3071.6,4609.8,0,0,0,8.79,9.09,7.52
h17,3053.8,2947.3,4585.1,0,0,0,30.00,20.76,7.97
h18,6275.7,1153.1,4563.4,0,0,0,17.94,27.73,10.39
h19,7181.6,2268.8,1383.7,0,0,0,14.43,12.32,35.59
h2,9895.7,4517.4,5713.1,0,0,0,2.18,2.89,4.31
h20,3112.7,1397.9,3516.1,0,0,0,40.11,40.56,15.11
h21,3616.9,1545.4,2605.1,0,0,0,30.41,31.53,20.14
h22,3335.2,1308.2,4304.8,0,0,0,34.18,37.07,11.10
h3,10204.0,4450.7,5176.5,0,0,0,1.91,2.82,5.47
h4,10356.8,4296.1,4841.4,0,0,0,2.07,3.18,6.44
h5,7452.7,2617.1,3522.4,0,0,0,9.54,10.90,11.81
h6,8847.7,2405.4,3010.6,0,0,0,8.56,10.92,15.18
h7,9856.9,2258.7,2625.4,0,0,0,7.56,10.80,18.87
h8,10410.0,2164.0,2324.1,0,0,0,6.47,10.48,23.24
h9,3877.4,1441.0,1976.9,0,0,0,37.10,39.87,36.01
i1,8646.4,4122.0,4835.5,0,0,0,4.16,4.25,5.57
i10,3752.9,1477.4,1826.1,0,0,0,38.68,39.92,39.37
i11,3824.7,1467.5,1708.6,0,0,0,38.82,39.95,43.10
i12,3955.9,1404.4,1457.8,0,0,0,39.39,40.48,52.11
i13,7716.7,1040.4,1400.3,0,0,0,22.98,33.84,51.30
i14,3285.6,2844.8,1511.4,0,0,0,33.71,20.65,35.93
i15,2667.5,1086.5,5776.3,0,0,0,55.88,55.42,8.16
i16,8228.8,3865.9,5757.7,0,0,0,5.48,5.63,4.71
i17,3141.5,3548.8,5685.4,0,0,0,25.84,16.48,5.07
i18,7400.2,1165.1,5713.3,0,0,0,13.69,22.84,7.12
i19,8533.2,2690.3,1425.3,0,0,0,10.53,8.11,31.26
i2,9212.0,4046.4,3733.0,0,0,0,4.22,4.26,8.42
i20,3214.5,1225.3,3481.6,0,0,0,40.46,44.14,15.57
i21,6521.4,1841.7,7358.0,0,0,0,10.60,14.14,3.33
i22,4173.9,1170.5,3032.1,0,0,0,27.73,35.54,16.85
i3,9766.7,3876.3,2988.9,0,0,0,4.25,4.23,11.70
i4,10371.4,3549.4,2131.9,0,0,0,4.30,4.22,18.88
i5,5770.1,2444.3,2981.0,0,0,0,13.90,14.27,15.06
i6,6247.0,2402.4,2522.3,0,0,0,13.87,14.18,19.13
i7,6688.1,2360.4,2184.9,0,0,0,14.09,14.30,23.57
i8,8338.2,2053.6,1535.7,0,0,0,14.17,14.28,37.97
i9,3690.5,1484.1,1960.4,0,0,0,38.44,39.68,35.70
j1,9455.5,5154.2,6327.1,0,0,0,2.03,1.81,2.98
j10,3608.8,1518.8,1822.3,0,0,0,40.38,40.15,39.28
j11,3591.4,1527.1,1703.7,0,0,0,41.50,40.42,43.68
j12,3569.7,1520.3,1461.1,0,0,0,43.00,40.44,51.03
j13,8768.3,1070.0,1402.3,0,0,0,19.05,29.21,48.71
j14,3409.4,3291.7,1549.6,0,0,0,29.51,16.47,32.13
j15,2648.5,1066.3,7183.8,0,0,0,54.05,52.52,5.29
j16,9508.6,4708.5,7194.9,0,0,0,3.10,3.21,2.66
j17,3253.9,4221.4,6929.8,0,0,0,22.32,13.18,2.86
j18,8568.4,1219.4,7191.2,0,0,0,10.10,18.32,4.50
j19,9731.8,3261.7,1455.0,0,0,0,7.58,5.05,27.03
j2,9594.9,5203.7,5042.9,0,0,0,2.43,1.89,4.86
j20,4253.4,1165.1,2502.9,0,0,0,29.46,37.68,22.04
j21,9729.9,2378.3,8784.4,0,0,0,4.00,7.61,1.46
j22,10188.1,4704.5,8471.1,0,0,0,1.27,2.04,0.96
j3,9882.1,5118.5,3789.3,0,0,0,2.75,1.86,7.76
j4,10514.3,4596.2,1943.9,0,0,0,3.89,1.92,19.02
j5,6111.2,2901.4,3474.6,0,0,0,11.37,11.02,11.93
j6,6130.7,2953.0,2864.7,0,0,0,12.09,11.01,15.55
j7,6184.2,2942.9,2363.9,0,0,0,13.09,11.24,20.23
j8,6366.1,2847.6,1571.1,0,0,0,15.11,11.12,33.57
j9,3636.7,1498.2,1945.2,0,0,0,39.41,40.08,36.29
k1,7472.5,4467.1,5063.9,0,0,0,5.15,4.32,5.09
k10,3385.0,1586.9,1811.6,0,0,0,42.98,40.37,39.23
k11,3306.0,1658.1,1709.4,0,0,0,44.92,40.27,42.42
k12,3116.5,1734.2,1481.8,0,0,0,48.93,40.18,48.91
k13,9549.0,1155.8,1440.2,0,0,0,15.44,24.54,45.44
k14,3569.3,3828.6,1607.7,0,0,0,25.29,12.75,27.93
k15,2662.5,1083.1,8290.8,0,0,0,52.06,49.38,3.26
k16,10389.1,5320.6,8304.7,0,0,0,1.54,1.61,1.35
k17,3417.2,4832.0,7763.9,0,0,0,18.93,10.33,1.47
k18,9513.3,1405.4,8507.0,0,0,0,6.97,13.97,2.67
k19,10410.1,3956.5,1530.0,0,0,0,5.37,2.89,22.62
k2,6662.4,4709.5,3980.1,0,0,0,6.39,4.32,7.23
k20,9956.4,4415.8,7750.5,0,0,0,2.28,3.02,1.91
k21,10219.5,4919.7,7942.3,0,0,0,1.26,1.72,1.49
k22,10072.6,4714.9,6776.3,0,0,0,1.62,2.10,2.79
k3,5915.6,4840.1,3233.1,0,0,0,7.75,4.37,9.62
k4,5651.3,4943.4,2915.8,0,0,0,8.62,4.45,11.15
k5,4983.3,2710.0,3118.3,0,0,0,15.56,14.22,14.49
k6,4567.3,2911.1,2616.3,0,0,0,17.79,14.33,18.03
k7,4270.9,3091.4,2236.7,0,0,0,20.02,14.38,21.96
k8,3717.7,3390.2,1610.4,0,0,0,25.52,14.48,31.69
k9,3508.5,1530.5,1930.7,0,0,0,40.84,40.34,36.15
l1,8100.4,4999.5,6703.1,0,0,0,3.58,2.92,2.64
l10,3293.4,1636.6,1984.4,0,0,0,43.02,39.82,34.15
l11,3172.0,1712.9,1944.0,0,0,0,45.36,39.98,35.08
l12,3027.1,1779.2,1871.8,0,0,0,48.06,40.19,35.97
l13,10020.7,1327.6,1504.8,0,0,0,12.12,19.77,41.27
l14,3738.6,4323.9,1717.4,0,0,0,21.34,9.74,23.64
l15,2725.2,1190.9,8963.7,0,0,0,48.52,44.71,1.86
l16,10755.2,5582.4,8859.7,0,0,0,0.63,0.68,0.60
l17,3664.1,5171.8,8240.0,0,0,0,15.51,7.82,0.67
l18,10181.5,1915.9,9274.5,0,0,0,4.37,9.78,1.44
l19,10643.4,4564.2,1766.6,0,0,0,3.85,1.60,18.27
l2,7124.7,5227.1,6410.8,0,0,0,4.48,2.96,2.93
l20,10426.9,5322.0,8376.8,0,0,0,0.71,0.78,0.82
l21,10226.6,5276.3,8234.9,0,0,0,0.96,0.93,1.01
l22,9474.2,5173.5,7820.5,0,0,0,1.94,1.57,1.38
l3,6260.1,5292.8,6073.6,0,0,0,5.39,3.12,3.23
l4,6142.8,5352.9,6073.2,0,0,0,5.95,3.40,3.57
l5,5080.4,3223.6,3913.5,0,0,0,12.96,11.08,9.97
l6,4368.4,3681.0,3682.3,0,0,0,15.38,10.99,10.69
l7,3911.5,4120.0,3366.2,0,0,0,18.18,11.02,11.56
l8,3578.2,4585.0,3037.2,0,0,0,21.16,10.96,12.58
l9,3439.6,1556.4,2022.6,0,0,0,40.94,39.99,33.66
