patch,r,g,b,refR,refG,refB,refX,refY,refZ
a1,9166.2,5333.4,7888.3,0,0,0,3.60,3.01,2.05
a10,3970.9,2239.7,3023.3,0,0,0,42.88,40.04,30.47
a11,3790.9,2347.9,3154.5,0,0,0,45.09,40.03,29.12
a12,3642.5,2436.8,3234.7,0,0,0,46.77,39.85,28.06
a13,3514.5,1410.5,1968.3,0,0,0,71.78,75.46,63.09
a14,3395.0,1445.4,1947.9,0,0,0,71.91,73.14,62.17
a15,3342.8,1348.9,1897.7,0,0,0,74.11,76.98,63.06
a16,3364.3,1359.9,1866.1,0,0,0,72.73,75.12,62.60
a17,3312.8,1325.9,1858.2,0,0,0,74.05,76.81,62.33
a18,3292.0,1297.0,1798.2,0,0,0,74.16,77.19,62.97
a19,3386.7,1334.0,1732.7,0,0,0,69.16,71.70,62.05
a2,8595.7,5466.1,7992.0,0,0,0,4.42,2.97,1.76
a20,10231.8,5394.5,8446.0,0,0,0,1.37,1.12,0.78
a21,8062.9,5240.7,8327.6,0,0,0,5.17,3.27,0.85
a22,5490.6,5118.6,7928.6,0,0,0,10.35,5.90,0.91
a3,8085.4,5568.1,8123.4,0,0,0,5.12,3.01,1.46
a4,7861.3,5587.3,8076.5,0,0,0,5.65,3.26,1.60
a5,6629.7,4216.6,5897.5,0,0,0,12.71,10.97,7.93
a6,5564.6,4605.2,6173.7,0,0,0,15.07,11.10,6.97
a7,4826.4,4923.9,6448.8,0,0,0,17.42,11.10,6.06
a8,4235.0,5196.7,6671.2,0,0,0,20.36,11.07,5.12
a9,4194.9,2125.0,2947.5,0,0,0,40.62,39.94,31.49
b1,9283.0,5396.8,8167.1,0,0,0,3.35,2.93,1.63
b10,3935.7,2232.8,3403.0,0,0,0,42.59,40.11,26.44
b11,3764.0,2344.1,3721.2,0,0,0,44.29,39.94,23.52
b12,3640.4,2441.3,4023.2,0,0,0,45.98,39.89,21.17
b13,3782.8,1419.9,1987.7,0,0,0,65.55,71.21,61.79
b14,3436.3,1545.2,1964.0,0,0,0,68.80,67.99,60.07
b15,3364.1,1396.8,2215.5,0,0,0,71.26,74.48,51.88
b16,3715.2,1551.2,2190.8,0,0,0,57.82,60.00,49.14
b17,3381.2,1537.2,2171.5,0,0,0,65.61,64.93,49.68
b18,3612.7,1338.0,2094.5,0,0,0,62.84,68.83,51.29
b19,3611.2,1423.0,1741.4,0,0,0,60.77,62.73,59.44
b2,8946.3,5512.8,8380.8,0,0,0,3.98,2.94,1.07
b20,9658.7,5384.3,8493.8,0,0,0,2.87,2.06,0.80
b21,6295.8,5217.5,8252.1,0,0,0,8.37,4.88,0.88
b22,3941.6,2717.3,4769.3,0,0,0,29.02,24.67,11.91
b3,8498.3,5591.1,8498.7,0,0,0,4.71,3.09,0.74
b4,8294.7,5598.3,8561.1,0,0,0,5.08,3.21,0.69
b5,6400.9,4265.5,6796.1,0,0,0,12.86,11.10,5.86
b6,5522.9,4658.7,7470.2,0,0,0,14.66,11.01,3.94
b7,4779.4,5086.9,8049.8,0,0,0,16.97,10.94,2.28
b8,4251.7,5296.4,8330.5,0,0,0,19.70,11.01,1.20
b9,4189.5,2120.8,3092.7,0,0,0,40.39,40.01,29.68
c1,8988.4,5121.1,8000.2,0,0,0,4.49,4.31,2.29
c10,3779.7,2012.8,3507.4,0,0,0,48.17,47.13,26.63
c11,3649.0,2068.2,4158.7,0,0,0,49.81,47.42,21.58
c12,3550.3,2130.3,4695.1,0,0,0,50.47,46.85,18.10
c13,4169.3,1429.1,1981.4,0,0,0,58.24,65.94,60.94
c14,3498.8,1712.8,1989.1,0,0,0,64.18,60.73,57.45
c15,3394.3,1445.3,2611.7,0,0,0,68.73,71.96,42.70
c16,4118.3,1776.4,2554.7,0,0,0,45.88,47.73,38.75
c17,3444.2,1765.6,2540.2,0,0,0,58.66,55.64,39.40
c18,4000.5,1397.6,2466.2,0,0,0,53.28,61.12,41.61
c19,4032.7,1581.3,1767.1,0,0,0,50.72,52.04,56.28
c2,8894.8,5281.1,8419.9,0,0,0,4.90,4.37,1.42
c20,10312.2,5416.3,8702.2,0,0,0,1.70,1.45,0.76
c21,4150.9,3652.5,7112.3,0,0,0,22.87,17.19,4.72
c22,3882.0,2295.1,3937.3,0,0,0,34.53,31.48,17.40
c3,8750.4,5354.2,8710.1,0,0,0,5.13,4.30,0.82
c4,8652.7,5318.9,8767.5,0,0,0,5.70,4.77,0.85
c5,4873.7,2881.5,5520.7,0,0,0,23.78,22.59,10.89
c6,4425.4,3139.1,7473.3,0,0,0,25.55,22.41,5.50
c7,4117.9,3399.2,8548.5,0,0,0,27.72,22.42,2.39
c8,4013.8,3540.3,8847.6,0,0,0,28.70,22.23,1.28
c9,3914.7,1905.0,2991.4,0,0,0,46.89,47.28,32.40
d1,9236.0,5122.0,8072.7,0,0,0,4.16,4.32,2.27
d10,3768.2,1740.3,3266.8,0,0,0,52.96,55.14,30.47
d11,3747.0,1754.3,3921.7,0,0,0,52.49,54.62,24.44
d12,3672.9,1669.6,6400.9,0,0,0,52.17,54.65,11.69
d13,4649.0,1432.5,1968.1,0,0,0,51.28,60.55,59.94
d14,3557.5,1911.3,1999.3,0,0,0,58.99,52.82,54.44
d15,3384.5,1472.6,3048.7,0,0,0,66.07,69.08,34.69
d16,4651.5,2057.1,2976.7,0,0,0,35.35,36.71,29.94
d17,3487.8,2036.0,2971.2,0,0,0,51.68,46.54,30.64
d18,4447.6,1434.8,2872.8,0,0,0,44.32,53.48,33.27
d19,4556.7,1772.5,1775.2,0,0,0,41.16,41.63,52.50
d2,9429.6,5170.6,8525.3,0,0,0,4.07,4.26,1.47
d20,5429.6,4459.0,7918.8,0,0,0,13.96,10.52,2.72
d21,5063.0,2721.5,4953.5,0,0,0,21.28,20.60,11.58
d22,3779.0,2047.1,3665.4,0,0,0,38.28,36.52,19.91
d3,9562.7,5244.3,8864.9,0,0,0,4.08,4.30,0.89
d4,9500.9,5128.3,8942.9,0,0,0,4.69,4.91,0.92
d5,4938.0,2445.1,4929.6,0,0,0,26.68,27.74,13.94
d6,4838.7,2440.0,6993.4,0,0,0,26.33,27.41,7.43
d7,4890.5,2387.3,8566.6,0,0,0,26.10,27.43,3.60
d8,4997.5,2364.9,9183.6,0,0,0,25.91,27.31,1.65
d9,3821.5,1723.9,2772.3,0,0,0,53.02,55.12,37.61
e1,9504.0,5107.5,8184.5,0,0,0,3.71,4.20,2.30
e10,4716.4,1967.8,3798.4,0,0,0,36.12,40.08,23.52
e11,4867.1,1931.6,4412.8,0,0,0,34.48,39.54,19.51
e12,5424.5,1727.8,6413.8,0,0,0,31.25,39.49,11.51
e13,5358.4,1453.5,1968.8,0,0,0,44.56,54.93,58.76
e14,3632.0,2167.5,2015.9,0,0,0,53.83,45.36,51.25
e15,3385.5,1507.3,3630.9,0,0,0,63.56,66.14,27.30
e16,5348.4,2388.3,3533.1,0,0,0,26.43,27.39,22.31
e17,3550.6,2367.1,3548.9,0,0,0,45.25,38.47,22.96
e18,5065.0,1488.0,3423.3,0,0,0,36.26,46.15,25.81
e19,5284.2,1994.5,1796.6,0,0,0,32.70,32.33,48.49
e2,9791.2,5112.8,8611.2,0,0,0,3.39,4.21,1.48
e20,3965.2,4141.9,8414.7,0,0,0,24.10,16.56,1.28
e21,4977.9,3811.0,8098.9,0,0,0,16.87,13.84,2.61
e22,3894.7,2686.0,6113.5,0,0,0,29.42,25.29,8.09
e3,9999.9,5104.5,8967.0,0,0,0,3.12,4.17,0.94
e4,10114.8,5017.3,9078.2,0,0,0,3.34,4.54,0.97
e5,7580.7,3347.9,6573.9,0,0,0,12.46,14.03,7.52
e6,8146.0,3249.7,8111.7,0,0,0,11.51,14.17,4.54
e7,8825.7,3087.5,9019.4,0,0,0,10.28,14.01,2.58
e8,9364.3,2960.9,9517.3,0,0,0,9.41,13.94,1.45
e9,4617.1,2018.7,3349.6,0,0,0,37.32,40.04,27.82
f1,10042.8,5536.8,8558.5,0,0,0,1.44,1.82,1.33
f10,5111.4,1919.7,3146.4,0,0,0,35.06,39.82,30.35
f11,5440.4,1860.3,3271.5,0,0,0,33.34,39.72,28.68
f12,6671.0,1661.5,3746.6,0,0,0,28.72,39.60,25.54
f13,6292.0,1461.7,1968.1,0,0,0,37.91,49.00,57.14
f14,3717.3,2441.2,2056.2,0,0,0,48.68,38.42,47.78
f15,3381.9,1538.4,4317.3,0,0,0,61.43,63.43,21.20
f16,6348.6,2813.3,4287.0,0,0,0,19.07,19.84,16.29
f17,3621.7,2750.4,4257.6,0,0,0,39.69,31.74,17.01
f18,5944.7,1544.9,4106.1,0,0,0,29.06,39.29,19.71
f19,6366.1,2265.1,1836.1,0,0,0,25.36,24.37,44.23
f2,10200.0,5508.2,8655.9,0,0,0,1.14,1.81,1.11
f20,4616.9,2595.7,5177.4,0,0,0,25.51,24.40,11.61
f21,3844.9,2392.1,5556.2,0,0,0,32.92,29.82,10.41
f22,3708.7,2130.1,4430.9,0,0,0,37.76,35.31,15.44
f3,10373.7,5537.6,8907.6,0,0,0,0.96,1.86,0.95
f4,10478.0,5491.3,8956.9,0,0,0,1.04,2.07,1.04
f5,9526.9,4191.4,7124.9,0,0,0,6.56,8.17,5.70
f6,10045.7,4046.9,7803.7,0,0,0,5.29,8.10,4.88
f7,10402.6,3930.0,8374.6,0,0,0,4.12,7.88,4.01
f8,10657.2,3837.1,8962.7,0,0,0,3.17,7.93,3.15
f9,4790.6,1981.0,3049.1,0,0,0,36.82,39.95,31.21
g1,9897.9,5297.5,7991.5,0,0,0,2.24,2.84,2.62
g10,5323.4,1876.7,2844.2,0,0,0,34.81,40.06,34.24
g11,5808.1,1822.1,2823.0,0,0,0,32.74,39.52,34.75
g12,7393.7,1578.2,2712.4,0,0,0,28.17,39.67,37.32
g13,7271.3,1461.9,1953.5,0,0,0,32.34,43.69,55.43
g14,3810.7,2778.6,2060.5,0,0,0,43.33,31.66,43.84
g15,3349.5,1539.5,5200.2,0,0,0,59.44,60.70,15.78
g16,7465.5,3397.2,5160.9,0,0,0,13.19,13.68,11.25
g17,3683.7,3212.9,5121.5,0,0,0,34.42,25.62,11.79
g18,6887.3,1569.3,5030.2,0,0,0,22.98,33.15,14.47
g19,7523.2,2614.0,1910.3,0,0,0,19.22,17.59,39.78
g2,10133.6,5278.1,8037.8,0,0,0,1.80,2.81,2.81
g20,3955.2,2160.7,4721.6,0,0,0,35.48,34.29,14.35
g21,3886.1,2167.8,6109.3,0,0,0,33.68,32.18,9.03
g22,3325.6,1802.1,8507.3,0,0,0,44.97,41.42,2.73
g3,10307.3,5220.1,8083.8,0,0,0,1.51,2.88,3.06
g4,10416.7,5190.9,8039.3,0,0,0,1.63,3.14,3.31
g5,9029.1,3593.1,5664.4,0,0,0,9.02,11.02,9.72
g6,9804.8,3433.0,5619.2,0,0,0,7.51,10.82,10.37
g7,10308.3,3317.7,5651.0,0,0,0,6.21,10.78,10.87
g8,10538.6,3270.5,5662.6,0,0,0,4.84,10.54,11.46
g9,4852.1,1944.5,2878.5,0,0,0,36.78,40.10,33.33
gs0,3182.1,1349.3,1827.9,0,0,0,74.72,77.75,63.04
gs1,3382.3,1471.3,2005.6,0,0,0,65.56,67.88,55.45
gs10,6696.4,3007.2,4586.6,0,0,0,18.22,18.88,15.51
gs11,7334.5,3349.7,5170.6,0,0,0,15.15,15.65,12.67
gs12,7942.8,3661.0,5616.9,0,0,0,12.54,12.98,10.68
gs13,8481.8,4025.9,6083.6,0,0,0,10.08,10.41,8.63
gs14,9014.3,4386.6,6560.0,0,0,0,8.00,8.24,6.87
gs15,9495.7,4710.5,7173.8,0,0,0,6.21,6.42,5.29
gs16,9889.2,5003.7,7638.5,0,0,0,4.68,4.81,4.05
gs17,10196.1,5194.1,8050.2,0,0,0,3.52,3.65,3.03
gs18,10342.1,5336.9,8404.4,0,0,0,2.57,2.68,2.23
gs19,10490.0,5401.1,8631.9,0,0,0,1.75,1.84,1.54
gs2,3575.4,1554.3,2165.0,0,0,0,58.77,60.99,49.71
gs20,10477.5,5411.0,8691.6,0,0,0,1.17,1.22,1.07
gs21,10431.7,5386.4,8682.7,0,0,0,0.95,1.00,0.87
gs22,10371.3,5315.1,8663.0,0,0,0,0.75,0.80,0.70
gs23,10274.6,5236.0,8584.3,0,0,0,0.43,0.52,0.56
gs3,3762.0,1659.8,2338.1,0,0,0,52.06,53.98,44.05
gs4,4027.1,1794.1,2552.1,0,0,0,45.81,47.44,38.70
gs5,4369.2,1960.7,2835.7,0,0,0,39.71,41.23,33.59
gs6,4754.5,2141.8,3135.9,0,0,0,34.84,36.16,29.36
gs7,5177.0,2324.0,3445.9,0,0,0,30.03,31.18,25.42
gs8,5622.3,2494.3,3767.7,0,0,0,25.60,26.60,21.81
gs9,6127.7,2735.2,4149.4,0,0,0,21.49,22.27,18.18
h1,9856.0,5311.6,7685.7,0,0,0,2.48,2.90,3.30
h10,5257.8,1924.8,2553.5,0,0,0,35.94,39.86,39.41
h11,5738.2,1846.6,2362.1,0,0,0,34.77,40.11,43.54
h12,7201.6,1625.2,1987.0,0,0,0,31.37,39.86,53.60
h13,8287.7,1495.5,1979.5,0,0,0,27.40,38.66,53.54
h14,3919.4,3173.0,2096.4,0,0,0,38.54,25.97,40.04
h15,3337.4,1552.9,6209.2,0,0,0,57.65,58.09,11.55
h16,8661.5,4145.0,6268.2,0,0,0,8.79,9.09,7.52
h17,3776.0,3751.8,6127.7,0,0,0,30.00,20.76,7.97
h18,7900.8,1641.2,6129.0,0,0,0,17.94,27.73,10.39
h19,8758.1,3096.0,1966.7,0,0,0,14.43,12.32,35.59
h2,10101.5,5311.6,7247.6,0,0,0,2.18,2.89,4.31
h20,3850.9,1904.9,4777.2,0,0,0,40.11,40.56,15.11
h21,4562.7,2075.9,3648.4,0,0,0,30.41,31.53,20.14
h22,4135.9,1771.3,5595.1,0,0,0,34.18,37.07,11.10
h3,10296.8,5266.0,6859.1,0,0,0,1.91,2.82,5.47
h4,10400.0,5168.0,6524.0,0,0,0,2.07,3.18,6.44
h5,8911.2,3660.1,4972.8,0,0,0,9.54,10.90,11.81
h6,9785.3,3491.5,4319.1,0,0,0,8.56,10.92,15.18
h7,10289.1,3352.3,3763.0,0,0,0,7.56,10.80,18.87
h8,10611.3,3221.9,3301.2,0,0,0,6.47,10.48,23.24
h9,4852.6,1968.7,2709.8,0,0,0,37.10,39.87,36.01
i1,9490.5,5066.1,6503.2,0,0,0,4.16,4.25,5.57
i10,4715.6,2019.2,2531.1,0,0,0,38.68,39.92,39.37
i11,4873.0,2040.0,2402.0,0,0,0,38.82,39.95,43.10
i12,5077.6,1957.4,2016.8,0,0,0,39.39,40.48,52.11
i13,9105.8,1534.2,1987.6,0,0,0,22.98,33.84,51.30
i14,4040.4,3625.0,2162.8,0,0,0,33.71,20.65,35.93
i15,3309.4,1554.1,7220.1,0,0,0,55.88,55.42,8.16
i16,9617.9,4812.0,7294.1,0,0,0,5.48,5.63,4.71
i17,3882.2,4361.5,7012.1,0,0,0,25.84,16.48,5.07
i18,8830.5,1747.6,7267.3,0,0,0,13.69,22.84,7.12
i19,9755.7,3691.8,2050.8,0,0,0,10.53,8.11,31.26
i2,9814.4,4993.0,5369.1,0,0,0,4.22,4.26,8.42
i20,3997.0,1670.5,4770.5,0,0,0,40.46,44.14,15.57
i21,8272.6,2700.1,8369.9,0,0,0,10.60,14.14,3.33
i22,5456.8,1595.8,4273.6,0,0,0,27.73,35.54,16.85
i3,10089.6,4897.4,4393.0,0,0,0,4.25,4.23,11.70
i4,10425.9,4652.5,3161.6,0,0,0,4.30,4.22,18.88
i5,7417.6,3331.9,4267.4,0,0,0,13.90,14.27,15.06
i6,7953.3,3313.2,3611.1,0,0,0,13.87,14.18,19.13
i7,8373.7,3230.6,3115.8,0,0,0,14.09,14.30,23.57
i8,9518.0,2883.7,2144.5,0,0,0,14.17,14.28,37.97
i9,4605.0,2036.1,2720.4,0,0,0,38.44,39.68,35.70
j1,9909.7,5583.8,7728.0,0,0,0,2.03,1.81,2.98
j10,4515.3,2096.6,2560.7,0,0,0,40.38,40.15,39.28
j11,4524.1,2121.4,2381.5,0,0,0,41.50,40.42,43.68
j12,4489.2,2108.6,2068.0,0,0,0,43.00,40.44,51.03
j13,9738.2,1620.9,2013.5,0,0,0,19.05,29.21,48.71
j14,4171.1,4107.2,2193.2,0,0,0,29.51,16.47,32.13
j15,3323.1,1579.9,8231.0,0,0,0,54.05,52.52,5.29
j16,10313.6,5287.3,8290.8,0,0,0,3.10,3.21,2.66
j17,4043.1,4872.5,7850.2,0,0,0,22.32,13.18,2.86
j18,9642.0,1970.1,8442.6,0,0,0,10.10,18.32,4.50
j19,10374.7,4301.2,2188.7,0,0,0,7.58,5.05,27.03
j2,9927.8,5554.2,6780.1,0,0,0,2.43,1.89,4.86
j20,5576.0,1596.7,3582.5,0,0,0,29.46,37.68,22.04
j21,10248.6,3560.3,9081.1,0,0,0,4.00,7.61,1.46
j22,10472.7,5166.6,8740.9,0,0,0,1.27,2.04,0.96
j3,10145.8,5568.5,5540.3,0,0,0,2.75,1.86,7.76
j4,10491.1,5275.3,3029.7,0,0,0,3.89,1.92,19.02
j5,7835.0,3917.6,4854.0,0,0,0,11.37,11.02,11.93
j6,7878.4,3972.6,4087.0,0,0,0,12.09,11.01,15.55
j7,7959.1,3965.2,3421.6,0,0,0,13.09,11.24,20.23
j8,8136.5,3787.2,2228.5,0,0,0,15.11,11.12,33.57
j9,4536.4,2064.0,2714.5,0,0,0,39.41,40.08,36.29
k1,8876.4,5255.6,6715.7,0,0,0,5.15,4.32,5.09
k10,4223.4,2204.8,2587.9,0,0,0,42.98,40.37,39.23
k11,4116.6,2292.4,2441.1,0,0,0,44.92,40.27,42.42
k12,3875.0,2391.8,2108.3,0,0,0,48.93,40.18,48.91
k13,10184.8,1786.8,2099.3,0,0,0,15.44,24.54,45.44
k14,4353.9,4582.9,2357.3,0,0,0,25.29,12.75,27.93
k15,3373.1,1676.1,8852.3,0,0,0,52.06,49.38,3.26
k16,10718.0,5574.2,8840.8,0,0,0,1.54,1.61,1.35
k17,4244.0,5232.4,8276.2,0,0,0,18.93,10.33,1.47
k18,10183.5,2373.4,9141.4,0,0,0,6.97,13.97,2.67
k19,10625.6,4818.7,2423.2,0,0,0,5.37,2.89,22.62
k2,8316.7,5353.6,5645.8,0,0,0,6.39,4.32,7.23
k20,10421.7,5139.1,8597.4,0,0,0,2.28,3.02,1.91
k21,10475.9,5277.6,8569.3,0,0,0,1.26,1.72,1.49
k22,10384.0,5177.2,7917.5,0,0,0,1.62,2.10,2.79
k3,7687.0,5419.6,4814.4,0,0,0,7.75,4.37,9.62
k4,7379.5,5444.7,4412.4,0,0,0,8.62,4.45,11.15
k5,6596.3,3609.0,4389.8,0,0,0,15.56,14.22,14.49
k6,5966.2,3846.4,3730.7,0,0,0,17.79,14.33,18.03
k7,5487.9,3996.8,3192.6,0,0,0,20.02,14.38,21.96
k8,4623.8,4268.0,2323.5,0,0,0,25.52,14.48,31.69
k9,4384.9,2121.4,2739.3,0,0,0,40.84,40.34,36.15
l1,9299.1,5491.5,7908.2,0,0,0,3.58,2.92,2.64
l10,4101.5,2266.9,2872.8,0,0,0,43.02,39.82,34.15
l11,3960.9,2386.2,2823.9,0,0,0,45.36,39.98,35.08
l12,3774.2,2447.1,2737.8,0,0,0,48.06,40.19,35.97
l13,10435.7,2070.7,2239.8,0,0,0,12.12,19.77,41.27
l14,4584.6,4947.4,2606.3,0,0,0,21.34,9.74,23.64
l15,3449.1,1845.4,9113.7,0,0,0,48.52,44.71,1.86
l16,10873.4,5665.2,9081.2,0,0,0,0.63,0.68,0.60
l17,4538.7,5383.7,8450.5,0,0,0,15.51,7.82,0.67
l18,10484.6,3079.0,9431.8,0,0,0,4.37,9.78,1.44
l19,10680.4,5165.2,2898.1,0,0,0,3.85,1.60,18.27
l2,8799.7,5566.4,7746.4,0,0,0,4.48,2.96,2.93
l20,10610.4,5488.2,8845.5,0,0,0,0.71,0.78,0.82
l21,10493.3,5424.5,8707.1,0,0,0,0.96,0.93,1.01
l22,10128.8,5302.1,8451.7,0,0,0,1.94,1.57,1.38
l3,8184.8,5640.9,7591.0,0,0,0,5.39,3.12,3.23
l4,7993.5,5647.9,7498.1,0,0,0,5.95,3.40,3.57
l5,6765.5,4221.5,5403.6,0,0,0,12.96,11.08,9.97
l6,5719.6,4641.3,5147.8,0,0,0,15.38,10.99,10.69
l7,4922.2,4953.2,4844.4,0,0,0,18.18,11.02,11.56
l8,4413.1,5210.4,4508.4,0,0,0,21.16,10.96,12.58
l9,4313.3,2154.0,2880.3,0,0,0,40.94,39.99,33.66
