patch r g b
a1 5457.6 3315.5 4205.8
a10 2311.7 964.1 1252.3
a11 2174.6 1004.3 1281.2
a12 2072.0 1037.0 1301.6
a13 2092.9 629.4 815.2
a14 2052.9 659.3 841.2
a15 2012.1 616.0 808.2
a16 2033.1 627.5 806.0
a17 2005.1 608.3 801.5
a18 2001.0 600.5 791.6
a19 2053.6 612.2 755.7
a2 4820.0 4007.8 4404.6
a20 7665.5 4377.6 6268.3
a21 4369.9 4092.4 6285.0
a22 3020.5 3915.0 6129.8
a3 4413.5 4630.2 4801.6
a4 4331.8 4713.7 4779.5
a5 3743.0 1937.0 2458.5
a6 3159.1 2251.3 2580.2
a7 2680.0 2669.2 2695.1
a8 2258.7 3386.8 2771.9
a9 2467.9 929.6 1247.8
b1 5612.3 3339.5 4850.8
b10 2292.2 973.0 1405.8
b11 2156.6 1009.4 1507.8
b12 2029.7 1028.1 1584.5
b13 2239.7 626.3 807.1
b14 2050.6 690.4 819.5
b15 2005.8 634.3 919.3
b16 2232.8 702.3 915.1
b17 2022.4 700.1 918.9
b18 2221.4 627.1 911.9
b19 2213.3 653.1 761.6
b2 5049.2 3906.3 5894.3
b20 5797.0 4291.1 6673.5
b21 3424.6 4155.6 6440.8
b22 2310.6 1212.3 1977.0
b3 4599.7 4431.2 6865.3
b4 4470.7 4539.1 7093.8
b5 3635.4 1981.3 3071.5
b6 3074.9 2282.4 3764.9
b7 2558.2 2811.5 4859.5
b8 2150.3 3620.9 6175.1
b9 2469.5 924.9 1297.9
c1 5264.7 2705.6 4305.7
c10 2194.1 876.6 1455.0
c11 2061.8 888.6 1677.3
c12 1980.1 895.6 1864.9
c13 2478.0 638.1 809.6
c14 2074.9 754.6 828.1
c15 1990.2 649.2 1056.2
c16 2450.0 787.2 1049.6
c17 2018.7 777.7 1045.0
c18 2438.7 650.0 1054.3
c19 2482.7 723.5 779.7
c2 4974.7 2945.8 5679.8
c20 7382.7 4330.1 7039.4
c21 2359.9 1669.0 3425.7
c22 2276.1 1013.2 1593.8
c3 4760.7 3134.2 7399.8
c4 4663.1 3016.0 7707.7
c5 2825.9 1278.0 2343.7
c6 2440.6 1326.0 3571.7
c7 2137.0 1324.8 5950.7
c8 2022.8 1278.7 8143.5
c9 2315.7 846.4 1257.7
d1 5622.2 2592.1 4475.4
d10 2205.2 773.8 1357.2
d11 2150.8 771.7 1595.4
d12 2040.1 700.0 2725.2
d13 2759.9 645.2 814.4
d14 2113.6 848.4 844.4
d15 1988.1 669.7 1239.5
d16 2750.7 901.4 1216.9
d17 2034.9 891.6 1218.9
d18 2687.5 664.7 1195.2
d19 2806.2 810.7 797.4
d2 5646.8 2609.6 5835.7
d20 3108.0 2214.0 4686.5
d21 3012.4 1200.0 2007.9
d22 2222.5 901.0 1479.6
d3 5674.9 2566.3 7679.8
d4 5469.8 2404.8 7908.6
d5 2837.9 1063.9 2046.9
d6 2713.0 1015.4 3151.3
d7 2636.5 867.2 5261.2
d8 2625.6 614.9 8657.1
d9 2255.6 770.2 1165.5
e1 6115.0 2483.5 4497.1
e10 2732.3 862.0 1575.2
e11 2827.3 846.0 1829.7
e12 3046.1 740.4 2712.5
e13 3097.1 647.6 805.6
e14 2159.5 953.9 861.9
e15 1960.9 680.6 1458.7
e16 3135.8 1043.9 1426.4
e17 2034.1 1028.5 1421.3
e18 3010.3 686.4 1427.8
e19 3217.0 905.6 807.6
e2 6584.0 2335.6 6002.7
e20 2074.0 1843.1 7570.9
e21 2851.1 1672.3 5158.9
e22 2238.4 1183.0 2646.1
e3 7049.1 2169.7 7827.6
e4 7010.9 2021.6 8123.7
e5 4233.0 1423.5 2830.0
e6 4459.7 1281.3 4096.8
e7 4865.0 1060.8 6203.7
e8 5344.2 768.7 9023.6
e9 2711.7 890.9 1408.7
f1 9006.9 3390.4 5625.2
f10 2966.8 847.8 1311.1
f11 3149.5 830.7 1377.7
f12 3741.9 743.0 1525.2
f13 3585.2 659.8 814.7
f14 2181.2 1067.6 870.4
f15 1921.3 683.3 1727.2
f16 3642.9 1226.4 1689.1
f17 2049.3 1210.2 1711.7
f18 3453.5 712.4 1711.4
f19 3805.0 1034.0 828.7
f2 10658.9 3151.3 6399.1
f20 2785.9 1178.7 2229.7
f21 2266.5 1067.7 2382.8
f22 2179.2 939.6 1801.2
f3 11716.2 2860.7 7158.2
f4 12071.6 2735.9 7487.6
f5 5876.2 1737.8 3154.4
f6 7266.9 1482.9 3607.0
f7 9476.9 1238.6 4315.9
f8 11744.4 958.5 5349.4
f9 2820.2 879.4 1289.3
g1 8286.8 2751.2 4032.9
g10 3083.3 835.7 1196.1
g11 3341.0 815.4 1186.4
g12 4166.0 716.3 1124.1
g13 4136.9 667.8 821.0
g14 2207.1 1217.6 860.2
g15 1869.5 674.2 2067.1
g16 4197.2 1474.4 2035.6
g17 2048.3 1450.1 2060.7
g18 3943.4 728.0 2095.2
g19 4453.2 1194.6 843.8
g2 10444.6 2506.0 4016.1
g20 2355.2 971.1 2016.6
g21 2273.1 951.6 2667.7
g22 1737.7 541.0 6495.6
g3 12104.0 2255.3 3975.1
g4 12356.6 2146.2 3976.0
g5 5374.3 1510.2 2343.3
g6 6628.3 1319.8 2243.7
g7 8901.9 1119.4 2216.8
g8 11643.8 899.8 2116.9
g9 2842.2 868.9 1208.1
gs0 1821.9 617.0 745.9
gs1 1938.4 670.9 823.3
gs10 3696.1 1294.7 1805.5
gs11 4017.6 1442.9 2014.7
gs12 4376.0 1587.5 2235.8
gs13 4755.8 1774.2 2493.0
gs14 5177.6 1989.2 2765.4
gs15 5642.3 2221.3 3150.1
gs16 6183.1 2536.6 3516.0
gs17 6872.0 2883.2 4037.7
gs18 7731.5 3318.8 4720.5
gs19 8832.2 3808.1 5576.7
gs2 2067.3 714.7 897.9
gs20 9930.2 4345.7 6513.1
gs21 10480.3 4599.9 7045.2
gs22 10848.7 4815.9 7423.4
gs23 12072.2 4998.8 7690.6
gs3 2188.4 758.5 975.6
gs4 2336.8 804.9 1057.1
gs5 2515.3 869.6 1158.9
gs6 2677.3 927.9 1262.4
gs7 2897.3 998.3 1384.4
gs8 3161.6 1085.4 1505.6
gs9 3433.4 1198.6 1672.3
h1 7922.0 2819.4 3486.9
h10 3060.2 851.5 1073.5
h11 3305.1 815.9 994.2
h12 4068.2 730.2 830.0
h13 4797.4 672.8 817.7
h14 2255.0 1429.7 867.4
h15 1839.0 669.1 2577.9
h16 4898.5 1811.7 2515.4
h17 2047.9 1751.7 2514.9
h18 4493.5 723.0 2547.4
h19 5266.6 1389.6 855.8
h2 9939.2 2602.5 3060.9
h20 2261.1 849.5 1991.9
h21 2719.2 919.2 1450.9
h22 2428.1 770.5 2337.7
h3 12110.7 2374.9 2680.4
h4 12644.8 2164.6 2554.4
h5 5262.3 1582.4 2062.4
h6 6483.3 1396.3 1719.4
h7 8685.3 1187.0 1483.4
h8 11831.1 913.8 1237.3
h9 2861.6 881.3 1143.2
i1 6336.1 2528.9 2589.2
i10 2781.1 897.2 1064.8
i11 2847.4 893.6 988.2
i12 2971.6 850.9 841.3
i13 5580.6 673.0 821.1
i14 2320.4 1697.5 881.3
i15 1797.3 641.4 3263.7
i16 5760.7 2298.1 3098.1
i17 2043.4 2189.3 3131.3
i18 5201.0 716.8 3220.4
i19 6350.9 1608.3 855.6
i2 7233.2 2385.1 2013.3
i20 2353.4 753.0 1971.1
i21 4646.4 1029.8 4764.8
i22 3159.9 713.4 1655.5
i3 8714.0 2181.7 1637.1
i4 12601.5 1671.2 1186.5
i5 4257.9 1502.1 1793.1
i6 4525.9 1459.9 1497.0
i7 4810.5 1430.8 1318.2
i8 6017.7 1231.7 921.6
i9 2706.3 908.8 1147.5
j1 7669.7 3765.4 3440.7
j10 2625.9 918.1 1043.5
j11 2643.7 921.0 975.5
j12 2636.7 914.0 856.1
j13 6604.1 657.1 814.4
j14 2398.6 2057.1 893.8
j15 1742.3 592.9 4417.0
j16 6966.4 3002.6 4193.7
j17 2079.8 2901.9 4292.3
j18 6179.5 668.1 4437.1
j19 8083.7 1855.7 835.4
j2 7982.2 3832.3 2587.2
j20 3231.4 723.5 1423.9
j21 8566.4 881.0 7695.3
j22 10706.9 2715.8 7282.0
j3 8782.4 3638.1 1918.0
j4 13145.9 2642.0 1042.5
j5 4456.2 1790.5 2023.3
j6 4449.1 1801.7 1675.8
j7 4505.0 1804.6 1387.7
j8 4674.9 1744.8 962.3
j9 2645.6 910.5 1118.1
k1 5238.4 2988.6 2769.0
k10 2429.2 948.2 1035.3
k11 2352.3 972.0 955.8
k12 2245.3 1032.0 863.9
k13 8088.9 630.7 813.5
k14 2514.4 2577.7 910.6
k15 1709.8 491.3 6301.6
k16 9093.4 4074.6 5899.8
k17 2136.4 4010.3 5885.0
k18 7773.0 559.4 6253.7
k19 10803.4 2202.7 824.7
k2 4765.9 3402.5 2171.1
k20 8750.5 2571.6 5174.6
k21 10852.0 3243.3 5493.1
k22 10599.2 2897.6 3686.2
k3 4383.1 3743.1 1758.5
k4 4222.9 3968.5 1557.4
k5 3722.6 1630.9 1796.7
k6 3440.4 1775.7 1531.1
k7 3187.6 1904.9 1313.7
k8 2684.1 2153.8 948.7
k9 2540.1 925.2 1115.4
l1 5708.0 3718.4 4062.7
l10 2331.2 966.4 1117.6
l11 2222.5 996.9 1073.0
l12 2119.9 1036.3 1053.7
l13 10033.1 599.5 818.5
l14 2650.5 3224.5 930.0
l15 1674.2 338.6 9020.4
l16 11942.4 5607.3 8607.3
l17 2250.2 5427.0 8005.3
l18 10219.6 416.6 9123.4
l19 13341.1 2731.9 890.3
l2 5038.2 4309.6 3721.4
l20 11811.9 4936.9 7120.0
l21 10366.0 4847.1 6357.1
l22 7238.6 4396.4 5360.4
l3 4600.8 4816.3 3471.4
l4 4506.9 4839.5 3311.3
l5 3800.1 1980.7 2215.1
l6 3234.9 2327.2 2064.9
l7 2785.4 2788.7 1841.4
l8 2440.3 3480.0 1624.4
l9 2470.1 934.1 1149.0
