patch,r,g,b,refR,refG,refB,refX,refY,refZ
a1,5234.9,2825.8,3572.7,0,0,0,3.60,3.01,2.05
a10,2105.0,826.9,1037.0,0,0,0,42.88,40.04,30.47
a11,1988.6,866.4,1058.2,0,0,0,45.09,40.03,29.12
a12,1887.9,890.4,1078.1,0,0,0,46.77,39.85,28.06
a13,1902.3,535.6,690.2,0,0,0,71.78,75.46,63.09
a14,1853.0,552.2,693.6,0,0,0,71.91,73.14,62.17
a15,1852.3,528.4,694.2,0,0,0,74.11,76.98,63.06
a16,1860.6,534.5,688.5,0,0,0,72.73,75.12,62.60
a17,1826.6,520.9,682.5,0,0,0,74.05,76.81,62.33
a18,1823.4,514.5,676.3,0,0,0,74.16,77.19,62.97
a19,1865.2,523.3,649.8,0,0,0,69.16,71.70,62.05
a2,4494.1,3412.4,3725.5,0,0,0,4.42,2.97,1.76
a20,7103.7,3875.6,5335.5,0,0,0,1.37,1.12,0.78
a21,3881.3,3559.8,5286.1,0,0,0,5.17,3.27,0.85
a22,2523.3,3339.1,5232.8,0,0,0,10.35,5.90,0.91
a3,4009.1,4035.8,3991.1,0,0,0,5.12,3.01,1.46
a4,3860.9,4067.9,3917.5,0,0,0,5.65,3.26,1.60
a5,3341.2,1671.7,2128.6,0,0,0,12.71,10.97,7.93
a6,2736.8,1899.9,2209.0,0,0,0,15.07,11.10,6.97
a7,2324.0,2222.3,2296.6,0,0,0,17.42,11.10,6.06
a8,1965.0,2803.1,2389.3,0,0,0,20.36,11.07,5.12
a9,2239.6,800.6,1022.8,0,0,0,40.62,39.94,31.49
b1,5351.7,2835.8,4111.3,0,0,0,3.35,2.93,1.63
b10,2077.5,833.3,1155.1,0,0,0,42.59,40.11,26.44
b11,1948.1,863.8,1241.5,0,0,0,44.29,39.94,23.52
b12,1850.7,892.9,1321.4,0,0,0,45.98,39.89,21.17
b13,2064.0,540.6,699.5,0,0,0,65.55,71.21,61.79
b14,1847.7,577.8,688.5,0,0,0,68.80,67.99,60.07
b15,1829.1,538.3,778.9,0,0,0,71.26,74.48,51.88
b16,2034.8,593.4,761.9,0,0,0,57.82,60.00,49.14
b17,1836.0,589.5,765.0,0,0,0,65.61,64.93,49.68
b18,2017.5,531.1,760.3,0,0,0,62.84,68.83,51.29
b19,2011.1,560.0,654.6,0,0,0,60.77,62.73,59.44
b2,4702.5,3287.4,4904.5,0,0,0,3.98,2.94,1.07
b20,5399.7,3819.3,5662.8,0,0,0,2.87,2.06,0.80
b21,2880.3,3577.6,5471.1,0,0,0,8.37,4.88,0.88
b22,2075.5,1056.2,1680.5,0,0,0,29.02,24.67,11.91
b3,4226.3,3837.0,5745.6,0,0,0,4.71,3.09,0.74
b4,4066.3,3967.0,5987.7,0,0,0,5.08,3.21,0.69
b5,3207.9,1705.2,2656.5,0,0,0,12.86,11.10,5.86
b6,2658.1,1924.5,3203.6,0,0,0,14.66,11.01,3.94
b7,2191.5,2314.2,4115.5,0,0,0,16.97,10.94,2.28
b8,1834.2,2952.4,5276.1,0,0,0,19.70,11.01,1.20
b9,2234.6,797.2,1072.3,0,0,0,40.39,40.01,29.68
c1,4987.0,2262.1,3642.1,0,0,0,4.49,4.31,2.29
c10,1979.2,744.9,1186.9,0,0,0,48.17,47.13,26.63
c11,1865.3,759.8,1362.8,0,0,0,49.81,47.42,21.58
c12,1788.6,776.7,1551.7,0,0,0,50.47,46.85,18.10
c13,2283.6,548.8,699.8,0,0,0,58.24,65.94,60.94
c14,1895.1,644.2,707.4,0,0,0,64.18,60.73,57.45
c15,1824.3,553.5,883.7,0,0,0,68.73,71.96,42.70
c16,2228.2,670.1,858.5,0,0,0,45.88,47.73,38.75
c17,1832.9,664.4,868.4,0,0,0,58.66,55.64,39.40
c18,2202.6,550.0,869.8,0,0,0,53.28,61.12,41.61
c19,2247.4,617.4,662.2,0,0,0,50.72,52.04,56.28
c2,4680.3,2438.0,4706.9,0,0,0,4.90,4.37,1.42
c20,6883.2,3837.5,6004.7,0,0,0,1.70,1.45,0.76
c21,2041.5,1409.9,2935.1,0,0,0,22.87,17.19,4.72
c22,2064.7,887.4,1338.0,0,0,0,34.53,31.48,17.40
c3,4436.1,2592.2,6244.6,0,0,0,5.13,4.30,0.82
c4,4333.8,2524.8,6612.8,0,0,0,5.70,4.77,0.85
c5,2532.1,1108.8,1984.7,0,0,0,23.78,22.59,10.89
c6,2181.8,1140.3,3090.9,0,0,0,25.55,22.41,5.50
c7,1899.1,1115.9,5117.2,0,0,0,27.72,22.42,2.39
c8,1767.4,1049.5,7012.5,0,0,0,28.70,22.23,1.28
c9,2108.6,728.0,1048.7,0,0,0,46.89,47.28,32.40
d1,5361.1,2177.8,3744.5,0,0,0,4.16,4.32,2.27
d10,1981.1,651.3,1093.9,0,0,0,52.96,55.14,30.47
d11,1942.3,654.0,1278.5,0,0,0,52.49,54.62,24.44
d12,1827.6,617.4,2231.0,0,0,0,52.17,54.65,11.69
d13,2532.7,553.7,694.1,0,0,0,51.28,60.55,59.94
d14,1931.5,726.4,724.3,0,0,0,58.99,52.82,54.44
d15,1808.3,570.0,1034.8,0,0,0,66.07,69.08,34.69
d16,2495.5,779.5,1003.0,0,0,0,35.35,36.71,29.94
d17,1843.1,764.1,1004.1,0,0,0,51.68,46.54,30.64
d18,2416.0,571.1,990.8,0,0,0,44.32,53.48,33.27
d19,2534.9,693.7,676.5,0,0,0,41.16,41.63,52.50
d2,5362.3,2184.4,4863.2,0,0,0,4.07,4.26,1.47
d20,2591.6,1835.6,3852.3,0,0,0,13.96,10.52,2.72
d21,2630.7,1031.1,1684.9,0,0,0,21.28,20.60,11.58
d22,2032.6,788.6,1247.2,0,0,0,38.28,36.52,19.91
d3,5393.7,2156.8,6509.4,0,0,0,4.08,4.30,0.89
d4,5202.2,2037.4,6809.4,0,0,0,4.69,4.91,0.92
d5,2564.2,932.6,1714.5,0,0,0,26.68,27.74,13.94
d6,2416.7,889.6,2674.9,0,0,0,26.33,27.41,7.43
d7,2321.6,766.2,4491.4,0,0,0,26.10,27.43,3.60
d8,2260.6,513.7,7464.0,0,0,0,25.91,27.31,1.65
d9,2058.8,659.9,966.8,0,0,0,53.02,55.12,37.61
e1,5850.7,2105.3,3790.7,0,0,0,3.71,4.20,2.30
e10,2474.9,744.3,1292.9,0,0,0,36.12,40.08,23.52
e11,2517.1,723.0,1453.2,0,0,0,34.48,39.54,19.51
e12,2680.8,644.9,2214.7,0,0,0,31.25,39.49,11.51
e13,2841.5,559.5,687.2,0,0,0,44.56,54.93,58.76
e14,1975.0,817.5,742.1,0,0,0,53.83,45.36,51.25
e15,1790.7,585.1,1213.2,0,0,0,63.56,66.14,27.30
e16,2823.0,911.7,1198.8,0,0,0,26.43,27.39,22.31
e17,1847.0,890.9,1192.2,0,0,0,45.25,38.47,22.96
e18,2662.6,587.0,1150.6,0,0,0,36.26,46.15,25.81
e19,2865.8,771.1,678.2,0,0,0,32.70,32.33,48.49
e2,6258.4,1998.8,5103.2,0,0,0,3.39,4.21,1.48
e20,1749.7,1476.3,6421.2,0,0,0,24.10,16.56,1.28
e21,2401.0,1393.5,4260.9,0,0,0,16.87,13.84,2.61
e22,1998.5,1018.3,2248.2,0,0,0,29.42,25.29,8.09
e3,6657.9,1853.4,6745.8,0,0,0,3.12,4.17,0.94
e4,6618.9,1728.9,6999.2,0,0,0,3.34,4.54,0.97
e5,3825.5,1220.2,2414.8,0,0,0,12.46,14.03,7.52
e6,4074.1,1108.8,3567.5,0,0,0,11.51,14.17,4.54
e7,4436.9,900.4,5211.5,0,0,0,10.28,14.01,2.58
e8,4886.2,627.7,7742.5,0,0,0,9.41,13.94,1.45
e9,2469.0,773.4,1176.7,0,0,0,37.32,40.04,27.82
f1,8229.4,2870.2,4693.0,0,0,0,1.44,1.82,1.33
f10,2670.2,723.8,1067.9,0,0,0,35.06,39.82,30.35
f11,2826.1,705.5,1113.4,0,0,0,33.34,39.72,28.68
f12,3345.2,638.2,1218.4,0,0,0,28.72,39.60,25.54
f13,3262.1,566.4,686.7,0,0,0,37.91,49.00,57.14
f14,2006.5,928.1,742.2,0,0,0,48.68,38.42,47.78
f15,1772.5,596.7,1444.3,0,0,0,61.43,63.43,21.20
f16,3237.3,1059.7,1411.1,0,0,0,19.07,19.84,16.29
f17,1855.9,1041.8,1428.8,0,0,0,39.69,31.74,17.01
f18,3043.4,613.2,1387.2,0,0,0,29.06,39.29,19.71
f19,3346.6,865.3,677.3,0,0,0,25.36,24.37,44.23
f2,9697.3,2646.9,5401.9,0,0,0,1.14,1.81,1.11
f20,2415.5,986.1,1797.7,0,0,0,25.51,24.40,11.61
f21,1997.8,907.4,1947.3,0,0,0,32.92,29.82,10.41
f22,1968.4,811.1,1472.3,0,0,0,37.76,35.31,15.44
f3,10943.9,2405.9,6128.9,0,0,0,0.96,1.86,0.95
f4,11227.7,2239.3,6216.7,0,0,0,1.04,2.07,1.04
f5,5551.3,1506.0,2713.5,0,0,0,6.56,8.17,5.70
f6,6750.5,1315.5,3182.1,0,0,0,5.29,8.10,4.88
f7,8426.3,1089.4,3636.0,0,0,0,4.12,7.88,4.01
f8,10737.9,823.7,4434.0,0,0,0,3.17,7.93,3.15
f9,2568.7,760.5,1073.8,0,0,0,36.82,39.95,31.21
g1,7617.3,2329.3,3455.6,0,0,0,2.24,2.84,2.62
g10,2794.6,711.0,984.6,0,0,0,34.81,40.06,34.24
g11,3015.2,691.2,968.1,0,0,0,32.74,39.52,34.75
g12,3755.6,606.6,907.0,0,0,0,28.17,39.67,37.32
g13,3758.6,569.1,682.5,0,0,0,32.34,43.69,55.43
g14,2058.3,1065.6,752.3,0,0,0,43.33,31.66,43.84
g15,1736.7,598.7,1773.5,0,0,0,59.44,60.70,15.78
g16,3788.9,1270.4,1725.4,0,0,0,13.19,13.68,11.25
g17,1850.0,1243.6,1743.1,0,0,0,34.42,25.62,11.79
g18,3501.4,634.6,1721.0,0,0,0,22.98,33.15,14.47
g19,4026.1,1008.9,695.7,0,0,0,19.22,17.59,39.78
g2,9521.2,2097.9,3389.0,0,0,0,1.80,2.81,2.81
g20,2088.1,820.7,1624.4,0,0,0,35.48,34.29,14.35
g21,2005.3,817.7,2211.6,0,0,0,33.68,32.18,9.03
g22,1542.4,476.7,5361.0,0,0,0,44.97,41.42,2.73
g3,11321.0,1879.5,3357.6,0,0,0,1.51,2.88,3.06
g4,11574.3,1777.5,3327.4,0,0,0,1.63,3.14,3.31
g5,5128.4,1320.6,2016.5,0,0,0,9.02,11.02,9.72
g6,6320.0,1179.7,1973.1,0,0,0,7.51,10.82,10.37
g7,8068.0,995.3,1861.5,0,0,0,6.21,10.78,10.87
g8,10764.8,787.2,1771.9,0,0,0,4.84,10.54,11.46
g9,2620.3,760.3,1032.9,0,0,0,36.78,40.10,33.33
gs0,1770.6,536.2,645.2,0,0,0,74.72,77.75,63.04
gs1,1873.0,578.3,704.5,0,0,0,65.56,67.88,55.45
gs10,3403.2,1131.2,1536.8,0,0,0,18.22,18.88,15.51
gs11,3661.8,1240.1,1702.3,0,0,0,15.15,15.65,12.67
gs12,4008.5,1352.0,1874.1,0,0,0,12.54,12.98,10.68
gs13,4406.3,1506.5,2060.6,0,0,0,10.08,10.41,8.63
gs14,4867.6,1703.6,2369.2,0,0,0,8.00,8.24,6.87
gs15,5400.2,1918.1,2731.1,0,0,0,6.21,6.42,5.29
gs16,5887.9,2152.2,3036.2,0,0,0,4.68,4.81,4.05
gs17,6544.8,2460.6,3518.1,0,0,0,3.52,3.65,3.03
gs18,7281.4,2831.7,4017.4,0,0,0,2.57,2.68,2.23
gs19,8103.3,3270.9,4663.6,0,0,0,1.75,1.84,1.54
gs2,2013.6,624.9,776.1,0,0,0,58.77,60.99,49.71
gs20,8906.7,3742.1,5291.4,0,0,0,1.17,1.22,1.07
gs21,9342.1,3973.6,5613.1,0,0,0,0.95,1.00,0.87
gs22,9803.6,4209.1,6123.6,0,0,0,0.75,0.80,0.70
gs23,10904.5,4293.1,6310.9,0,0,0,0.43,0.52,0.56
gs3,2139.7,673.0,850.0,0,0,0,52.06,53.98,44.05
gs4,2291.1,722.3,930.5,0,0,0,45.81,47.44,38.70
gs5,2448.7,786.3,1018.9,0,0,0,39.71,41.23,33.59
gs6,2580.4,835.0,1108.5,0,0,0,34.84,36.16,29.36
gs7,2751.5,901.0,1208.1,0,0,0,30.03,31.18,25.42
gs8,2931.6,965.9,1300.1,0,0,0,25.60,26.60,21.81
gs9,3151.4,1046.1,1419.5,0,0,0,21.49,22.27,18.18
h1,7376.8,2401.0,3043.9,0,0,0,2.48,2.90,3.30
h10,2770.3,726.9,886.7,0,0,0,35.94,39.86,39.41
h11,3004.6,700.6,825.0,0,0,0,34.77,40.11,43.54
h12,3679.8,614.8,682.7,0,0,0,31.37,39.86,53.60
h13,4418.1,576.7,685.7,0,0,0,27.40,38.66,53.54
h14,2106.3,1241.3,761.6,0,0,0,38.54,25.97,40.04
h15,1690.4,588.1,2183.3,0,0,0,57.65,58.09,11.55
h16,4532.9,1546.3,2119.9,0,0,0,8.79,9.09,7.52
h17,1853.8,1504.1,2189.7,0,0,0,30.00,20.76,7.97
h18,4067.3,637.5,2124.8,0,0,0,17.94,27.73,10.39
h19,4908.6,1167.5,700.1,0,0,0,14.43,12.32,35.59
h2,8994.4,2194.6,2621.5,0,0,0,2.18,2.89,4.31
h20,2025.4,725.4,1611.8,0,0,0,40.11,40.56,15.11
h21,2431.0,790.6,1191.8,0,0,0,30.41,31.53,20.14
h22,2186.1,683.7,1936.8,0,0,0,34.18,37.07,11.10
h3,11262.3,1971.3,2280.9,0,0,0,1.91,2.82,5.47
h4,11998.5,1782.0,2143.2,0,0,0,2.07,3.18,6.44
h5,5018.2,1376.8,1728.9,0,0,0,9.54,10.90,11.81
h6,6155.1,1229.6,1468.6,0,0,0,8.56,10.92,15.18
h7,7943.5,1045.5,1233.7,0,0,0,7.56,10.80,18.87
h8,11126.9,801.9,1036.5,0,0,0,6.47,10.48,23.24
h9,2663.9,773.6,990.8,0,0,0,37.10,39.87,36.01
i1,6054.1,2174.9,2272.0,0,0,0,4.16,4.25,5.57
i10,2579.5,780.7,910.8,0,0,0,38.68,39.92,39.37
i11,2623.0,763.8,828.0,0,0,0,38.82,39.95,43.10
i12,2737.1,729.7,712.9,0,0,0,39.39,40.48,52.11
i13,5253.7,577.9,689.6,0,0,0,22.98,33.84,51.30
i14,2165.8,1488.2,776.7,0,0,0,33.71,20.65,35.93
i15,1652.3,570.3,2785.0,0,0,0,55.88,55.42,8.16
i16,5458.4,1962.3,2681.8,0,0,0,5.48,5.63,4.71
i17,1863.7,1885.6,2754.5,0,0,0,25.84,16.48,5.07
i18,4796.3,629.6,2724.0,0,0,0,13.69,22.84,7.12
i19,6056.1,1391.7,720.4,0,0,0,10.53,8.11,31.26
i2,6831.6,2062.7,1743.2,0,0,0,4.22,4.26,8.42
i20,2125.2,648.6,1588.0,0,0,0,40.46,44.14,15.57
i21,4217.0,883.4,3937.8,0,0,0,10.60,14.14,3.33
i22,2855.5,628.6,1404.7,0,0,0,27.73,35.54,16.85
i3,8026.3,1893.1,1391.4,0,0,0,4.25,4.23,11.70
i4,12181.9,1404.0,981.0,0,0,0,4.30,4.22,18.88
i5,3920.2,1291.3,1498.9,0,0,0,13.90,14.27,15.06
i6,4202.5,1256.4,1267.9,0,0,0,13.87,14.18,19.13
i7,4484.2,1218.0,1103.2,0,0,0,14.09,14.30,23.57
i8,5764.8,1065.5,794.2,0,0,0,14.17,14.28,37.97
i9,2553.9,802.4,994.8,0,0,0,38.44,39.68,35.70
j1,7242.0,3270.1,2980.9,0,0,0,2.03,1.81,2.98
j10,2456.7,796.2,899.9,0,0,0,40.38,40.15,39.28
j11,2462.1,792.2,822.5,0,0,0,41.50,40.42,43.68
j12,2443.4,786.3,726.1,0,0,0,43.00,40.44,51.03
j13,6293.4,579.3,693.4,0,0,0,19.05,29.21,48.71
j14,2240.6,1804.8,793.1,0,0,0,29.51,16.47,32.13
j15,1612.9,529.6,3797.2,0,0,0,54.05,52.52,5.29
j16,6697.9,2583.4,3621.6,0,0,0,3.10,3.21,2.66
j17,1862.9,2433.5,3702.6,0,0,0,22.32,13.18,2.86
j18,5740.8,603.4,3739.1,0,0,0,10.10,18.32,4.50
j19,7534.2,1615.5,714.6,0,0,0,7.58,5.05,27.03
j2,7400.7,3285.0,2231.2,0,0,0,2.43,1.89,4.86
j20,2932.9,633.9,1185.6,0,0,0,29.46,37.68,22.04
j21,7678.9,770.3,6521.2,0,0,0,4.00,7.61,1.46
j22,9658.8,2280.0,6129.9,0,0,0,1.27,2.04,0.96
j3,8065.1,3076.7,1643.3,0,0,0,2.75,1.86,7.76
j4,12814.4,2105.6,861.8,0,0,0,3.89,1.92,19.02
j5,4132.4,1536.6,1696.6,0,0,0,11.37,11.02,11.93
j6,4112.5,1538.7,1406.0,0,0,0,12.09,11.01,15.55
j7,4165.6,1538.8,1168.4,0,0,0,13.09,11.24,20.23
j8,4347.8,1499.1,816.9,0,0,0,15.11,11.12,33.57
j9,2516.3,808.6,988.2,0,0,0,39.41,40.08,36.29
k1,5009.3,2526.5,2392.5,0,0,0,5.15,4.32,5.09
k10,2305.2,828.4,892.2,0,0,0,42.98,40.37,39.23
k11,2208.7,845.4,815.7,0,0,0,44.92,40.27,42.42
k12,2079.1,887.1,732.5,0,0,0,48.93,40.18,48.91
k13,7613.6,568.9,695.6,0,0,0,15.44,24.54,45.44
k14,2326.1,2248.3,818.4,0,0,0,25.29,12.75,27.93
k15,1577.8,441.8,5362.6,0,0,0,52.06,49.38,3.26
k16,8416.2,3561.5,4981.4,0,0,0,1.54,1.61,1.35
k17,1867.1,3353.3,5078.5,0,0,0,18.93,10.33,1.47
k18,7084.6,529.1,5333.9,0,0,0,6.97,13.97,2.67
k19,9921.4,1878.7,721.6,0,0,0,5.37,2.89,22.62
k2,4488.5,2854.9,1857.5,0,0,0,6.39,4.32,7.23
k20,7972.4,2171.3,4324.9,0,0,0,2.28,3.02,1.91
k21,9694.6,2714.1,4519.7,0,0,0,1.26,1.72,1.49
k22,9522.2,2458.7,3126.0,0,0,0,1.62,2.10,2.79
k3,4069.5,3173.4,1507.8,0,0,0,7.75,4.37,9.62
k4,3901.8,3395.6,1346.6,0,0,0,8.62,4.45,11.15
k5,3422.6,1434.8,1543.8,0,0,0,15.56,14.22,14.49
k6,3113.8,1531.3,1286.3,0,0,0,17.79,14.33,18.03
k7,2863.7,1629.5,1098.4,0,0,0,20.02,14.38,21.96
k8,2479.9,1863.9,824.2,0,0,0,25.52,14.48,31.69
k9,2411.7,819.3,977.5,0,0,0,40.84,40.34,36.15
l1,5500.6,3167.2,3458.4,0,0,0,3.58,2.92,2.64
l10,2221.8,848.3,969.7,0,0,0,43.02,39.82,34.15
l11,2077.3,867.3,921.8,0,0,0,45.36,39.98,35.08
l12,1980.1,896.3,893.2,0,0,0,48.06,40.19,35.97
l13,9298.8,557.2,709.6,0,0,0,12.12,19.77,41.27
l14,2425.2,2755.4,831.9,0,0,0,21.34,9.74,23.64
l15,1545.6,285.6,8041.0,0,0,0,48.52,44.71,1.86
l16,10864.3,4898.9,7352.8,0,0,0,0.63,0.68,0.60
l17,1936.0,4881.5,7022.0,0,0,0,15.51,7.82,0.67
l18,9167.0,379.3,7926.2,0,0,0,4.37,9.78,1.44
l19,13017.0,2243.1,781.1,0,0,0,3.85,1.60,18.27
l2,4760.8,3745.4,3166.6,0,0,0,4.48,2.96,2.93
l20,10672.6,4284.3,5784.3,0,0,0,0.71,0.78,0.82
l21,9305.4,4247.5,5213.8,0,0,0,0.96,0.93,1.01
l22,6851.1,3931.1,4445.9,0,0,0,1.94,1.57,1.38
l3,4262.2,4257.9,2969.0,0,0,0,5.39,3.12,3.23
l4,4124.0,4266.6,2831.7,0,0,0,5.95,3.40,3.57
l5,3475.5,1721.7,1909.0,0,0,0,12.96,11.08,9.97
l6,2917.9,2014.0,1752.9,0,0,0,15.38,10.99,10.69
l7,2505.3,2380.9,1604.9,0,0,0,18.18,11.02,11.56
l8,2229.1,2944.8,1439.1,0,0,0,21.16,10.96,12.58
l9,2368.9,833.3,1014.6,0,0,0,40.94,39.99,33.66
