patch r g b
a1 5989.7 3209.4 3948.9
a10 2451.1 966.4 1185.4
a11 2304.6 1001.3 1207.6
a12 2213.6 1038.2 1234.0
a13 2189.5 626.3 800.4
a14 2148.7 654.5 812.8
a15 2137.9 625.2 802.9
a16 2137.5 625.3 794.6
a17 2091.8 605.3 772.0
a18 2105.7 602.6 774.1
a19 2137.2 601.8 738.4
a2 4924.6 3827.0 4138.6
a20 8460.4 4392.5 5770.9
a21 4170.7 3953.5 5793.6
a22 2795.7 3741.9 5856.0
a3 4328.9 4553.2 4476.0
a4 4122.1 4605.7 4453.3
a5 3726.8 1956.2 2322.4
a6 3080.3 2192.1 2374.1
a7 2649.5 2572.2 2529.6
a8 2272.0 3241.5 2686.0
a9 2603.5 926.1 1167.7
b1 6183.3 3187.7 4484.1
b10 2446.4 976.9 1325.8
b11 2279.9 1009.6 1398.2
b12 2181.6 1040.9 1492.9
b13 2372.7 635.8 803.7
b14 2186.5 693.5 822.9
b15 2138.3 642.2 917.0
b16 2375.1 706.6 900.2
b17 2119.1 682.7 866.9
b18 2297.8 619.7 853.0
b19 2306.8 640.7 735.3
b2 5237.4 3711.0 5382.5
b20 6123.6 4228.9 6145.6
b21 3125.4 3983.3 6200.4
b22 2426.0 1256.0 1851.2
b3 4553.5 4280.9 6314.3
b4 4330.9 4455.0 6664.8
b5 3586.0 2007.6 2926.0
b6 2978.4 2237.5 3542.2
b7 2468.2 2653.0 4653.0
b8 2088.1 3322.0 5956.4
b9 2617.9 930.3 1226.0
c1 5719.3 2626.4 4068.3
c10 2334.2 870.6 1348.8
c11 2196.4 891.5 1529.4
c12 2109.3 899.8 1716.5
c13 2602.9 633.2 786.1
c14 2188.8 740.0 811.2
c15 2131.1 661.2 1026.9
c16 2606.3 785.5 994.3
c17 2136.2 767.2 983.8
c18 2505.7 636.7 952.5
c19 2576.0 704.5 749.1
c2 5204.5 2791.5 5235.6
c20 8213.1 4321.0 6555.0
c21 2366.8 1673.0 3284.6
c22 2390.1 1031.5 1476.1
c3 4852.1 2937.0 6889.5
c4 4649.2 2845.5 7192.7
c5 2915.1 1321.4 2184.5
c6 2481.5 1361.1 3406.6
c7 2129.8 1312.2 5748.4
c8 2014.3 1240.8 7952.3
c9 2470.8 847.6 1196.6
d1 6222.0 2536.6 4256.8
d10 2337.1 762.2 1241.6
d11 2281.3 764.9 1428.7
d12 2147.3 724.3 2412.2
d13 2898.1 636.1 779.1
d14 2205.7 803.6 807.1
d15 2110.9 669.5 1145.8
d16 2917.3 901.7 1131.9
d17 2149.0 874.9 1126.5
d18 2793.6 656.0 1070.1
d19 2907.3 778.3 750.2
d2 6191.4 2539.7 5471.3
d20 2958.6 2124.1 4356.4
d21 3080.7 1231.9 1888.2
d22 2350.1 913.5 1368.7
d3 6164.9 2475.2 7138.2
d4 5815.7 2334.1 7502.3
d5 2963.3 1090.2 1871.5
d6 2769.6 1057.3 2918.8
d7 2628.9 903.7 4910.9
d8 2576.2 629.6 8350.8
d9 2384.1 754.0 1078.8
e1 6926.9 2465.0 4348.2
e10 2895.7 855.7 1421.9
e11 2972.3 846.8 1604.7
e12 3153.0 766.4 2394.7
e13 3258.2 639.8 772.8
e14 2253.0 901.2 814.1
e15 2077.4 673.2 1304.5
e16 3274.1 1041.9 1300.5
e17 2159.5 1016.0 1307.6
e18 3144.1 693.2 1260.5
e19 3317.9 872.9 762.4
e2 7422.0 2330.9 5676.6
e20 2023.7 1702.1 7316.9
e21 2740.4 1641.9 4831.7
e22 2300.1 1200.5 2431.1
e3 7851.4 2147.3 7455.9
e4 7753.4 2005.9 7744.0
e5 4316.2 1454.4 2606.6
e6 4518.7 1309.1 3810.8
e7 4898.1 1087.6 5747.7
e8 5451.8 792.6 8530.2
e9 2855.5 875.8 1278.9
f1 9909.9 3339.0 5410.6
f10 3148.3 832.0 1184.5
f11 3340.0 818.5 1241.0
f12 3918.6 740.5 1321.9
f13 3739.2 639.0 752.0
f14 2307.8 1028.4 833.8
f15 2058.3 687.0 1538.2
f16 3758.2 1231.5 1530.8
f17 2166.7 1195.0 1559.4
f18 3580.2 718.1 1504.1
f19 3919.1 999.3 771.6
f2 11357.9 3055.4 6006.3
f20 2826.5 1164.1 1979.2
f21 2325.9 1071.6 2148.3
f22 2272.0 949.9 1628.4
f3 12549.9 2783.9 6810.6
f4 12842.7 2607.5 6911.5
f5 6397.1 1756.9 2967.2
f6 8079.3 1549.2 3527.0
f7 10080.6 1329.0 4087.9
f8 12416.7 1051.1 4987.1
f9 3004.8 864.3 1187.2
g1 9176.9 2723.5 3899.2
g10 3286.5 823.8 1110.5
g11 3544.6 796.4 1080.6
g12 4365.9 700.4 995.6
g13 4312.1 643.3 747.4
g14 2355.0 1191.0 844.1
g15 2007.7 690.4 1858.6
g16 4308.4 1472.7 1869.1
g17 2159.1 1436.7 1894.0
g18 4030.0 730.6 1793.6
g19 4611.2 1153.2 781.5
g2 11144.4 2471.6 3812.7
g20 2422.9 948.8 1764.5
g21 2332.7 968.4 2428.6
g22 1786.5 591.5 6117.4
g3 12939.7 2213.9 3746.3
g4 13231.0 2101.8 3685.7
g5 5842.5 1524.6 2157.5
g6 7506.9 1371.2 2106.9
g7 9837.2 1210.9 2084.1
g8 12824.1 1003.1 1960.9
g9 3043.5 856.6 1130.6
gs0 2081.0 599.9 730.9
gs1 2196.7 645.7 789.3
gs10 3883.9 1248.8 1613.9
gs11 4164.3 1393.0 1806.5
gs12 4517.8 1516.6 1973.4
gs13 4919.3 1671.5 2183.5
gs14 5423.5 1860.7 2478.7
gs15 6078.1 2091.4 2844.4
gs16 6776.0 2366.3 3242.0
gs17 7633.5 2678.3 3785.1
gs18 8521.9 3068.1 4383.2
gs19 9610.5 3561.4 5123.0
gs2 2315.0 686.8 853.2
gs20 10577.8 4078.2 5854.6
gs21 11002.2 4317.7 6215.9
gs22 11165.2 4444.3 6408.4
gs23 11990.5 4439.3 6390.9
gs3 2450.6 734.7 929.1
gs4 2591.4 778.2 998.7
gs5 2768.6 843.6 1084.7
gs6 2898.7 887.7 1147.3
gs7 3132.9 971.0 1256.8
gs8 3367.4 1050.6 1352.2
gs9 3637.9 1166.6 1510.3
h1 8869.5 2780.6 3409.4
h10 3279.0 839.1 1027.0
h11 3508.3 793.6 935.1
h12 4277.0 709.3 784.1
h13 5053.4 649.1 751.3
h14 2428.4 1417.0 865.3
h15 1967.6 691.1 2328.2
h16 5097.3 1781.7 2304.1
h17 2151.3 1721.3 2376.5
h18 4613.2 743.0 2235.5
h19 5564.2 1333.9 778.3
h2 10669.8 2554.6 2906.0
h20 2330.7 828.8 1711.8
h21 2816.6 901.7 1305.7
h22 2536.8 806.2 2111.4
h3 13053.0 2309.7 2510.1
h4 13747.3 2072.8 2307.5
h5 5685.6 1562.1 1849.0
h6 7312.6 1408.0 1602.5
h7 9701.0 1241.8 1402.3
h8 13229.7 996.5 1181.1
h9 3087.3 867.1 1089.2
i1 7277.9 2494.6 2502.2
i10 2998.1 877.2 1016.8
i11 3071.3 869.8 951.3
i12 3127.8 814.9 795.8
i13 5994.1 647.9 755.6
i14 2467.4 1659.5 865.3
i15 1905.6 665.9 2944.4
i16 6213.1 2196.1 2893.5
i17 2129.8 2091.5 2992.9
i18 5401.1 744.8 2844.9
i19 6990.6 1560.1 786.0
i2 8244.2 2356.4 1913.0
i20 2449.2 738.9 1696.6
i21 4629.8 1031.6 4254.7
i22 3301.3 722.5 1499.3
i3 9610.0 2180.6 1521.6
i4 14140.7 1645.2 1085.9
i5 4425.0 1459.7 1595.1
i6 4815.0 1451.5 1404.1
i7 5155.5 1404.7 1226.2
i8 6663.4 1218.1 895.2
i9 2912.4 876.6 1073.5
j1 8783.8 3676.5 3368.2
j10 2869.5 888.3 1006.1
j11 2867.7 896.1 938.5
j12 2794.6 868.1 802.9
j13 7222.4 637.3 749.8
j14 2538.4 1986.8 875.9
j15 1842.9 615.0 4026.2
j16 7760.7 2810.5 3872.9
j17 2102.6 2643.4 4034.3
j18 6569.8 722.5 3948.6
j19 8967.4 1823.9 796.1
j2 8969.5 3672.0 2482.8
j20 3343.9 703.4 1228.4
j21 8984.2 913.5 6964.3
j22 11231.0 2547.9 6618.2
j3 9774.8 3465.7 1814.8
j4 14966.6 2456.3 980.8
j5 4649.7 1726.2 1830.0
j6 4703.9 1753.8 1541.1
j7 4754.6 1740.8 1299.7
j8 4941.1 1688.7 912.4
j9 2858.7 879.2 1059.5
k1 5784.0 2805.2 2597.7
k10 2663.4 913.0 997.3
k11 2571.5 940.8 932.1
k12 2400.4 970.8 822.2
k13 8973.5 624.4 750.9
k14 2617.9 2446.8 870.4
k15 1783.0 516.4 5719.5
k16 9842.7 3793.7 5283.2
k17 2087.6 3516.3 5457.4
k18 8287.0 644.5 5771.6
k19 11644.4 2157.7 806.7
k2 5076.3 3169.1 2007.6
k20 9461.8 2438.0 4787.2
k21 11266.7 2975.6 4929.3
k22 11047.6 2723.4 3422.0
k3 4523.1 3491.2 1620.7
k4 4336.6 3762.4 1475.5
k5 3901.6 1612.6 1647.1
k6 3567.4 1714.9 1404.6
k7 3323.9 1825.3 1227.1
k8 2848.5 2063.7 928.4
k9 2740.1 881.6 1038.2
l1 6304.9 3412.0 3768.0
l10 2553.4 924.8 1056.6
l11 2425.3 966.1 1034.1
l12 2283.7 980.5 980.1
l13 11003.3 628.2 767.9
l14 2723.9 2991.7 880.2
l15 1753.5 340.0 8659.3
l16 12539.8 5395.4 7754.2
l17 2121.0 5075.2 7675.6
l18 10584.3 523.1 8627.5
l19 14852.4 2480.5 833.2
l2 5346.6 4057.8 3512.1
l20 12167.8 4618.2 6351.8
l21 10879.5 4567.5 5596.7
l22 8074.7 4196.6 4868.0
l3 4642.0 4558.2 3250.0
l4 4513.0 4622.1 3169.6
l5 3920.8 1926.3 2062.2
l6 3321.9 2231.0 1909.8
l7 2874.2 2617.2 1737.7
l8 2537.5 3198.4 1521.0
l9 2679.8 895.8 1076.4
