patch,r,g,b,refR,refG,refB,refX,refY,refZ
a1,5457.6,3315.5,4205.8,0,0,0,3.60,3.01,2.05
a10,2311.7,964.1,1252.3,0,0,0,42.88,40.04,30.47
a11,2174.6,1004.3,1281.2,0,0,0,45.09,40.03,29.12
a12,2072.0,1037.0,1301.6,0,0,0,46.77,39.85,28.06
a13,2092.9,629.4,815.2,0,0,0,71.78,75.46,63.09
a14,2052.9,659.3,841.2,0,0,0,71.91,73.14,62.17
a15,2012.1,616.0,808.2,0,0,0,74.11,76.98,63.06
a16,2033.1,627.5,806.0,0,0,0,72.73,75.12,62.60
a17,2005.1,608.3,801.5,0,0,0,74.05,76.81,62.33
a18,2001.0,600.5,791.6,0,0,0,74.16,77.19,62.97
a19,2053.6,612.2,755.7,0,0,0,69.16,71.70,62.05
a2,4820.0,4007.8,4404.6,0,0,0,4.42,2.97,1.76
a20,7665.5,4377.6,6268.3,0,0,0,1.37,1.12,0.78
a21,4369.9,4092.4,6285.0,0,0,0,5.17,3.27,0.85
a22,3020.5,3915.0,6129.8,0,0,0,10.35,5.90,0.91
a3,4413.5,4630.2,4801.6,0,0,0,5.12,3.01,1.46
a4,4331.8,4713.7,4779.5,0,0,0,5.65,3.26,1.60
a5,3743.0,1937.0,2458.5,0,0,0,12.71,10.97,7.93
a6,3159.1,2251.3,2580.2,0,0,0,15.07,11.10,6.97
a7,2680.0,2669.2,2695.1,0,0,0,17.42,11.10,6.06
a8,2258.7,3386.8,2771.9,0,0,0,20.36,11.07,5.12
a9,2467.9,929.6,1247.8,0,0,0,40.62,39.94,31.49
b1,5612.3,3339.5,4850.8,0,0,0,3.35,2.93,1.63
b10,2292.2,973.0,1405.8,0,0,0,42.59,40.11,26.44
b11,2156.6,1009.4,1507.8,0,0,0,44.29,39.94,23.52
b12,2029.7,1028.1,1584.5,0,0,0,45.98,39.89,21.17
b13,2239.7,626.3,807.1,0,0,0,65.55,71.21,61.79
b14,2050.6,690.4,819.5,0,0,0,68.80,67.99,60.07
b15,2005.8,634.3,919.3,0,0,0,71.26,74.48,51.88
b16,2232.8,702.3,915.1,0,0,0,57.82,60.00,49.14
b17,2022.4,700.1,918.9,0,0,0,65.61,64.93,49.68
b18,2221.4,627.1,911.9,0,0,0,62.84,68.83,51.29
b19,2213.3,653.1,761.6,0,0,0,60.77,62.73,59.44
b2,5049.2,3906.3,5894.3,0,0,0,3.98,2.94,1.07
b20,5797.0,4291.1,6673.5,0,0,0,2.87,2.06,0.80
b21,3424.6,4155.6,6440.8,0,0,0,8.37,4.88,0.88
b22,2310.6,1212.3,1977.0,0,0,0,29.02,24.67,11.91
b3,4599.7,4431.2,6865.3,0,0,0,4.71,3.09,0.74
b4,4470.7,4539.1,7093.8,0,0,0,5.08,3.21,0.69
b5,3635.4,1981.3,3071.5,0,0,0,12.86,11.10,5.86
b6,3074.9,2282.4,3764.9,0,0,0,14.66,11.01,3.94
b7,2558.2,2811.5,4859.5,0,0,0,16.97,10.94,2.28
b8,2150.3,3620.9,6175.1,0,0,0,19.70,11.01,1.20
b9,2469.5,924.9,1297.9,0,0,0,40.39,40.01,29.68
c1,5264.7,2705.6,4305.7,0,0,0,4.49,4.31,2.29
c10,2194.1,876.6,1455.0,0,0,0,48.17,47.13,26.63
c11,2061.8,888.6,1677.3,0,0,0,49.81,47.42,21.58
c12,1980.1,895.6,1864.9,0,0,0,50.47,46.85,18.10
c13,2478.0,638.1,809.6,0,0,0,58.24,65.94,60.94
c14,2074.9,754.6,828.1,0,0,0,64.18,60.73,57.45
c15,1990.2,649.2,1056.2,0,0,0,68.73,71.96,42.70
c16,2450.0,787.2,1049.6,0,0,0,45.88,47.73,38.75
c17,2018.7,777.7,1045.0,0,0,0,58.66,55.64,39.40
c18,2438.7,650.0,1054.3,0,0,0,53.28,61.12,41.61
c19,2482.7,723.5,779.7,0,0,0,50.72,52.04,56.28
c2,4974.7,2945.8,5679.8,0,0,0,4.90,4.37,1.42
c20,7382.7,4330.1,7039.4,0,0,0,1.70,1.45,0.76
c21,2359.9,1669.0,3425.7,0,0,0,22.87,17.19,4.72
c22,2276.1,1013.2,1593.8,0,0,0,34.53,31.48,17.40
c3,4760.7,3134.2,7399.8,0,0,0,5.13,4.30,0.82
c4,4663.1,3016.0,7707.7,0,0,0,5.70,4.77,0.85
c5,2825.9,1278.0,2343.7,0,0,0,23.78,22.59,10.89
c6,2440.6,1326.0,3571.7,0,0,0,25.55,22.41,5.50
c7,2137.0,1324.8,5950.7,0,0,0,27.72,22.42,2.39
c8,2022.8,1278.7,8143.5,0,0,0,28.70,22.23,1.28
c9,2315.7,846.4,1257.7,0,0,0,46.89,47.28,32.40
d1,5622.2,2592.1,4475.4,0,0,0,4.16,4.32,2.27
d10,2205.2,773.8,1357.2,0,0,0,52.96,55.14,30.47
d11,2150.8,771.7,1595.4,0,0,0,52.49,54.62,24.44
d12,2040.1,700.0,2725.2,0,0,0,52.17,54.65,11.69
d13,2759.9,645.2,814.4,0,0,0,51.28,60.55,59.94
d14,2113.6,848.4,844.4,0,0,0,58.99,52.82,54.44
d15,1988.1,669.7,1239.5,0,0,0,66.07,69.08,34.69
d16,2750.7,901.4,1216.9,0,0,0,35.35,36.71,29.94
d17,2034.9,891.6,1218.9,0,0,0,51.68,46.54,30.64
d18,2687.5,664.7,1195.2,0,0,0,44.32,53.48,33.27
d19,2806.2,810.7,797.4,0,0,0,41.16,41.63,52.50
d2,5646.8,2609.6,5835.7,0,0,0,4.07,4.26,1.47
d20,3108.0,2214.0,4686.5,0,0,0,13.96,10.52,2.72
d21,3012.4,1200.0,2007.9,0,0,0,21.28,20.60,11.58
d22,2222.5,901.0,1479.6,0,0,0,38.28,36.52,19.91
d3,5674.9,2566.3,7679.8,0,0,0,4.08,4.30,0.89
d4,5469.8,2404.8,7908.6,0,0,0,4.69,4.91,0.92
d5,2837.9,1063.9,2046.9,0,0,0,26.68,27.74,13.94
d6,2713.0,1015.4,3151.3,0,0,0,26.33,27.41,7.43
d7,2636.5,867.2,5261.2,0,0,0,26.10,27.43,3.60
d8,2625.6,614.9,8657.1,0,0,0,25.91,27.31,1.65
d9,2255.6,770.2,1165.5,0,0,0,53.02,55.12,37.61
e1,6115.0,2483.5,4497.1,0,0,0,3.71,4.20,2.30
e10,2732.3,862.0,1575.2,0,0,0,36.12,40.08,23.52
e11,2827.3,846.0,1829.7,0,0,0,34.48,39.54,19.51
e12,3046.1,740.4,2712.5,0,0,0,31.25,39.49,11.51
e13,3097.1,647.6,805.6,0,0,0,44.56,54.93,58.76
e14,2159.5,953.9,861.9,0,0,0,53.83,45.36,51.25
e15,1960.9,680.6,1458.7,0,0,0,63.56,66.14,27.30
e16,3135.8,1043.9,1426.4,0,0,0,26.43,27.39,22.31
e17,2034.1,1028.5,1421.3,0,0,0,45.25,38.47,22.96
e18,3010.3,686.4,1427.8,0,0,0,36.26,46.15,25.81
e19,3217.0,905.6,807.6,0,0,0,32.70,32.33,48.49
e2,6584.0,2335.6,6002.7,0,0,0,3.39,4.21,1.48
e20,2074.0,1843.1,7570.9,0,0,0,24.10,16.56,1.28
e21,2851.1,1672.3,5158.9,0,0,0,16.87,13.84,2.61
e22,2238.4,1183.0,2646.1,0,0,0,29.42,25.29,8.09
e3,7049.1,2169.7,7827.6,0,0,0,3.12,4.17,0.94
e4,7010.9,2021.6,8123.7,0,0,0,3.34,4.54,0.97
e5,4233.0,1423.5,2830.0,0,0,0,12.46,14.03,7.52
e6,4459.7,1281.3,4096.8,0,0,0,11.51,14.17,4.54
e7,4865.0,1060.8,6203.7,0,0,0,10.28,14.01,2.58
e8,5344.2,768.7,9023.6,0,0,0,9.41,13.94,1.45
e9,2711.7,890.9,1408.7,0,0,0,37.32,40.04,27.82
f1,9006.9,3390.4,5625.2,0,0,0,1.44,1.82,1.33
f10,2966.8,847.8,1311.1,0,0,0,35.06,39.82,30.35
f11,3149.5,830.7,1377.7,0,0,0,33.34,39.72,28.68
f12,3741.9,743.0,1525.2,0,0,0,28.72,39.60,25.54
f13,3585.2,659.8,814.7,0,0,0,37.91,49.00,57.14
f14,2181.2,1067.6,870.4,0,0,0,48.68,38.42,47.78
f15,1921.3,683.3,1727.2,0,0,0,61.43,63.43,21.20
f16,3642.9,1226.4,1689.1,0,0,0,19.07,19.84,16.29
f17,2049.3,1210.2,1711.7,0,0,0,39.69,31.74,17.01
f18,3453.5,712.4,1711.4,0,0,0,29.06,39.29,19.71
f19,3805.0,1034.0,828.7,0,0,0,25.36,24.37,44.23
f2,10658.9,3151.3,6399.1,0,0,0,1.14,1.81,1.11
f20,2785.9,1178.7,2229.7,0,0,0,25.51,24.40,11.61
f21,2266.5,1067.7,2382.8,0,0,0,32.92,29.82,10.41
f22,2179.2,939.6,1801.2,0,0,0,37.76,35.31,15.44
f3,11716.2,2860.7,7158.2,0,0,0,0.96,1.86,0.95
f4,12071.6,2735.9,7487.6,0,0,0,1.04,2.07,1.04
f5,5876.2,1737.8,3154.4,0,0,0,6.56,8.17,5.70
f6,7266.9,1482.9,3607.0,0,0,0,5.29,8.10,4.88
f7,9476.9,1238.6,4315.9,0,0,0,4.12,7.88,4.01
f8,11744.4,958.5,5349.4,0,0,0,3.17,7.93,3.15
f9,2820.2,879.4,1289.3,0,0,0,36.82,39.95,31.21
g1,8286.8,2751.2,4032.9,0,0,0,2.24,2.84,2.62
g10,3083.3,835.7,1196.1,0,0,0,34.81,40.06,34.24
g11,3341.0,815.4,1186.4,0,0,0,32.74,39.52,34.75
g12,4166.0,716.3,1124.1,0,0,0,28.17,39.67,37.32
g13,4136.9,667.8,821.0,0,0,0,32.34,43.69,55.43
g14,2207.1,1217.6,860.2,0,0,0,43.33,31.66,43.84
g15,1869.5,674.2,2067.1,0,0,0,59.44,60.70,15.78
g16,4197.2,1474.4,2035.6,0,0,0,13.19,13.68,11.25
g17,2048.3,1450.1,2060.7,0,0,0,34.42,25.62,11.79
g18,3943.4,728.0,2095.2,0,0,0,22.98,33.15,14.47
g19,4453.2,1194.6,843.8,0,0,0,19.22,17.59,39.78
g2,10444.6,2506.0,4016.1,0,0,0,1.80,2.81,2.81
g20,2355.2,971.1,2016.6,0,0,0,35.48,34.29,14.35
g21,2273.1,951.6,2667.7,0,0,0,33.68,32.18,9.03
g22,1737.7,541.0,6495.6,0,0,0,44.97,41.42,2.73
g3,12104.0,2255.3,3975.1,0,0,0,1.51,2.88,3.06
g4,12356.6,2146.2,3976.0,0,0,0,1.63,3.14,3.31
g5,5374.3,1510.2,2343.3,0,0,0,9.02,11.02,9.72
g6,6628.3,1319.8,2243.7,0,0,0,7.51,10.82,10.37
g7,8901.9,1119.4,2216.8,0,0,0,6.21,10.78,10.87
g8,11643.8,899.8,2116.9,0,0,0,4.84,10.54,11.46
g9,2842.2,868.9,1208.1,0,0,0,36.78,40.10,33.33
gs0,1821.9,617.0,745.9,0,0,0,74.72,77.75,63.04
gs1,1938.4,670.9,823.3,0,0,0,65.56,67.88,55.45
gs10,3696.1,1294.7,1805.5,0,0,0,18.22,18.88,15.51
gs11,4017.6,1442.9,2014.7,0,0,0,15.15,15.65,12.67
gs12,4376.0,1587.5,2235.8,0,0,0,12.54,12.98,10.68
gs13,4755.8,1774.2,2493.0,0,0,0,10.08,10.41,8.63
gs14,5177.6,1989.2,2765.4,0,0,0,8.00,8.24,6.87
gs15,5642.3,2221.3,3150.1,0,0,0,6.21,6.42,5.29
gs16,6183.1,2536.6,3516.0,0,0,0,4.68,4.81,4.05
gs17,6872.0,2883.2,4037.7,0,0,0,3.52,3.65,3.03
gs18,7731.5,3318.8,4720.5,0,0,0,2.57,2.68,2.23
gs19,8832.2,3808.1,5576.7,0,0,0,1.75,1.84,1.54
gs2,2067.3,714.7,897.9,0,0,0,58.77,60.99,49.71
gs20,9930.2,4345.7,6513.1,0,0,0,1.17,1.22,1.07
gs21,10480.3,4599.9,7045.2,0,0,0,0.95,1.00,0.87
gs22,10848.7,4815.9,7423.4,0,0,0,0.75,0.80,0.70
gs23,12072.2,4998.8,7690.6,0,0,0,0.43,0.52,0.56
gs3,2188.4,758.5,975.6,0,0,0,52.06,53.98,44.05
gs4,2336.8,804.9,1057.1,0,0,0,45.81,47.44,38.70
gs5,2515.3,869.6,1158.9,0,0,0,39.71,41.23,33.59
gs6,2677.3,927.9,1262.4,0,0,0,34.84,36.16,29.36
gs7,2897.3,998.3,1384.4,0,0,0,30.03,31.18,25.42
gs8,3161.6,1085.4,1505.6,0,0,0,25.60,26.60,21.81
gs9,3433.4,1198.6,1672.3,0,0,0,21.49,22.27,18.18
h1,7922.0,2819.4,3486.9,0,0,0,2.48,2.90,3.30
h10,3060.2,851.5,1073.5,0,0,0,35.94,39.86,39.41
h11,3305.1,815.9,994.2,0,0,0,34.77,40.11,43.54
h12,4068.2,730.2,830.0,0,0,0,31.37,39.86,53.60
h13,4797.4,672.8,817.7,0,0,0,27.40,38.66,53.54
h14,2255.0,1429.7,867.4,0,0,0,38.54,25.97,40.04
h15,1839.0,669.1,2577.9,0,0,0,57.65,58.09,11.55
h16,4898.5,1811.7,2515.4,0,0,0,8.79,9.09,7.52
h17,2047.9,1751.7,2514.9,0,0,0,30.00,20.76,7.97
h18,4493.5,723.0,2547.4,0,0,0,17.94,27.73,10.39
h19,5266.6,1389.6,855.8,0,0,0,14.43,12.32,35.59
h2,9939.2,2602.5,3060.9,0,0,0,2.18,2.89,4.31
h20,2261.1,849.5,1991.9,0,0,0,40.11,40.56,15.11
h21,2719.2,919.2,1450.9,0,0,0,30.41,31.53,20.14
h22,2428.1,770.5,2337.7,0,0,0,34.18,37.07,11.10
h3,12110.7,2374.9,2680.4,0,0,0,1.91,2.82,5.47
h4,12644.8,2164.6,2554.4,0,0,0,2.07,3.18,6.44
h5,5262.3,1582.4,2062.4,0,0,0,9.54,10.90,11.81
h6,6483.3,1396.3,1719.4,0,0,0,8.56,10.92,15.18
h7,8685.3,1187.0,1483.4,0,0,0,7.56,10.80,18.87
h8,11831.1,913.8,1237.3,0,0,0,6.47,10.48,23.24
h9,2861.6,881.3,1143.2,0,0,0,37.10,39.87,36.01
i1,6336.1,2528.9,2589.2,0,0,0,4.16,4.25,5.57
i10,2781.1,897.2,1064.8,0,0,0,38.68,39.92,39.37
i11,2847.4,893.6,988.2,0,0,0,38.82,39.95,43.10
i12,2971.6,850.9,841.3,0,0,0,39.39,40.48,52.11
i13,5580.6,673.0,821.1,0,0,0,22.98,33.84,51.30
i14,2320.4,1697.5,881.3,0,0,0,33.71,20.65,35.93
i15,1797.3,641.4,3263.7,0,0,0,55.88,55.42,8.16
i16,5760.7,2298.1,3098.1,0,0,0,5.48,5.63,4.71
i17,2043.4,2189.3,3131.3,0,0,0,25.84,16.48,5.07
i18,5201.0,716.8,3220.4,0,0,0,13.69,22.84,7.12
i19,6350.9,1608.3,855.6,0,0,0,10.53,8.11,31.26
i2,7233.2,2385.1,2013.3,0,0,0,4.22,4.26,8.42
i20,2353.4,753.0,1971.1,0,0,0,40.46,44.14,15.57
i21,4646.4,1029.8,4764.8,0,0,0,10.60,14.14,3.33
i22,3159.9,713.4,1655.5,0,0,0,27.73,35.54,16.85
i3,8714.0,2181.7,1637.1,0,0,0,4.25,4.23,11.70
i4,12601.5,1671.2,1186.5,0,0,0,4.30,4.22,18.88
i5,4257.9,1502.1,1793.1,0,0,0,13.90,14.27,15.06
i6,4525.9,1459.9,1497.0,0,0,0,13.87,14.18,19.13
i7,4810.5,1430.8,1318.2,0,0,0,14.09,14.30,23.57
i8,6017.7,1231.7,921.6,0,0,0,14.17,14.28,37.97
i9,2706.3,908.8,1147.5,0,0,0,38.44,39.68,35.70
j1,7669.7,3765.4,3440.7,0,0,0,2.03,1.81,2.98
j10,2625.9,918.1,1043.5,0,0,0,40.38,40.15,39.28
j11,2643.7,921.0,975.5,0,0,0,41.50,40.42,43.68
j12,2636.7,914.0,856.1,0,0,0,43.00,40.44,51.03
j13,6604.1,657.1,814.4,0,0,0,19.05,29.21,48.71
j14,2398.6,2057.1,893.8,0,0,0,29.51,16.47,32.13
j15,1742.3,592.9,4417.0,0,0,0,54.05,52.52,5.29
j16,6966.4,3002.6,4193.7,0,0,0,3.10,3.21,2.66
j17,2079.8,2901.9,4292.3,0,0,0,22.32,13.18,2.86
j18,6179.5,668.1,4437.1,0,0,0,10.10,18.32,4.50
j19,8083.7,1855.7,835.4,0,0,0,7.58,5.05,27.03
j2,7982.2,3832.3,2587.2,0,0,0,2.43,1.89,4.86
j20,3231.4,723.5,1423.9,0,0,0,29.46,37.68,22.04
j21,8566.4,881.0,7695.3,0,0,0,4.00,7.61,1.46
j22,10706.9,2715.8,7282.0,0,0,0,1.27,2.04,0.96
j3,8782.4,3638.1,1918.0,0,0,0,2.75,1.86,7.76
j4,13145.9,2642.0,1042.5,0,0,0,3.89,1.92,19.02
j5,4456.2,1790.5,2023.3,0,0,0,11.37,11.02,11.93
j6,4449.1,1801.7,1675.8,0,0,0,12.09,11.01,15.55
j7,4505.0,1804.6,1387.7,0,0,0,13.09,11.24,20.23
j8,4674.9,1744.8,962.3,0,0,0,15.11,11.12,33.57
j9,2645.6,910.5,1118.1,0,0,0,39.41,40.08,36.29
k1,5238.4,2988.6,2769.0,0,0,0,5.15,4.32,5.09
k10,2429.2,948.2,1035.3,0,0,0,42.98,40.37,39.23
k11,2352.3,972.0,955.8,0,0,0,44.92,40.27,42.42
k12,2245.3,1032.0,863.9,0,0,0,48.93,40.18,48.91
k13,8088.9,630.7,813.5,0,0,0,15.44,24.54,45.44
k14,2514.4,2577.7,910.6,0,0,0,25.29,12.75,27.93
k15,1709.8,491.3,6301.6,0,0,0,52.06,49.38,3.26
k16,9093.4,4074.6,5899.8,0,0,0,1.54,1.61,1.35
k17,2136.4,4010.3,5885.0,0,0,0,18.93,10.33,1.47
k18,7773.0,559.4,6253.7,0,0,0,6.97,13.97,2.67
k19,10803.4,2202.7,824.7,0,0,0,5.37,2.89,22.62
k2,4765.9,3402.5,2171.1,0,0,0,6.39,4.32,7.23
k20,8750.5,2571.6,5174.6,0,0,0,2.28,3.02,1.91
k21,10852.0,3243.3,5493.1,0,0,0,1.26,1.72,1.49
k22,10599.2,2897.6,3686.2,0,0,0,1.62,2.10,2.79
k3,4383.1,3743.1,1758.5,0,0,0,7.75,4.37,9.62
k4,4222.9,3968.5,1557.4,0,0,0,8.62,4.45,11.15
k5,3722.6,1630.9,1796.7,0,0,0,15.56,14.22,14.49
k6,3440.4,1775.7,1531.1,0,0,0,17.79,14.33,18.03
k7,3187.6,1904.9,1313.7,0,0,0,20.02,14.38,21.96
k8,2684.1,2153.8,948.7,0,0,0,25.52,14.48,31.69
k9,2540.1,925.2,1115.4,0,0,0,40.84,40.34,36.15
l1,5708.0,3718.4,4062.7,0,0,0,3.58,2.92,2.64
l10,2331.2,966.4,1117.6,0,0,0,43.02,39.82,34.15
l11,2222.5,996.9,1073.0,0,0,0,45.36,39.98,35.08
l12,2119.9,1036.3,1053.7,0,0,0,48.06,40.19,35.97
l13,10033.1,599.5,818.5,0,0,0,12.12,19.77,41.27
l14,2650.5,3224.5,930.0,0,0,0,21.34,9.74,23.64
l15,1674.2,338.6,9020.4,0,0,0,48.52,44.71,1.86
l16,11942.4,5607.3,8607.3,0,0,0,0.63,0.68,0.60
l17,2250.2,5427.0,8005.3,0,0,0,15.51,7.82,0.67
l18,10219.6,416.6,9123.4,0,0,0,4.37,9.78,1.44
l19,13341.1,2731.9,890.3,0,0,0,3.85,1.60,18.27
l2,5038.2,4309.6,3721.4,0,0,0,4.48,2.96,2.93
l20,11811.9,4936.9,7120.0,0,0,0,0.71,0.78,0.82
l21,10366.0,4847.1,6357.1,0,0,0,0.96,0.93,1.01
l22,7238.6,4396.4,5360.4,0,0,0,1.94,1.57,1.38
l3,4600.8,4816.3,3471.4,0,0,0,5.39,3.12,3.23
l4,4506.9,4839.5,3311.3,0,0,0,5.95,3.40,3.57
l5,3800.1,1980.7,2215.1,0,0,0,12.96,11.08,9.97
l6,3234.9,2327.2,2064.9,0,0,0,15.38,10.99,10.69
l7,2785.4,2788.7,1841.4,0,0,0,18.18,11.02,11.56
l8,2440.3,3480.0,1624.4,0,0,0,21.16,10.96,12.58
l9,2470.1,934.1,1149.0,0,0,0,40.94,39.99,33.66
