patch,r,g,b,refR,refG,refB,refX,refY,refZ
a1,5615.5,3657.7,4826.0,0,0,0,3.60,3.01,2.05
a10,2369.8,1089.6,1428.0,0,0,0,42.88,40.04,30.47
a11,2221.4,1133.9,1464.9,0,0,0,45.09,40.03,29.12
a12,2098.7,1167.5,1477.3,0,0,0,46.77,39.85,28.06
a13,2048.2,703.8,932.8,0,0,0,71.78,75.46,63.09
a14,2004.1,735.0,944.9,0,0,0,71.91,73.14,62.17
a15,1997.5,712.1,942.5,0,0,0,74.11,76.98,63.06
a16,2001.8,712.3,924.4,0,0,0,72.73,75.12,62.60
a17,1967.6,692.4,922.3,0,0,0,74.05,76.81,62.33
a18,1983.2,688.6,909.7,0,0,0,74.16,77.19,62.97
a19,2053.1,709.3,894.4,0,0,0,69.16,71.70,62.05
a2,4850.7,4253.6,5091.0,0,0,0,4.42,2.97,1.76
a20,8360.4,4952.5,7294.5,0,0,0,1.37,1.12,0.78
a21,4412.1,4465.6,7071.6,0,0,0,5.17,3.27,0.85
a22,3188.3,4266.0,6887.1,0,0,0,10.35,5.90,0.91
a3,4427.5,4776.6,5476.8,0,0,0,5.12,3.01,1.46
a4,4348.4,4853.0,5437.0,0,0,0,5.65,3.26,1.60
a5,3795.5,2225.4,2732.9,0,0,0,12.71,10.97,7.93
a6,3261.6,2590.0,2876.5,0,0,0,15.07,11.10,6.97
a7,2857.9,3073.3,3013.0,0,0,0,17.42,11.10,6.06
a8,2463.4,3768.7,3161.2,0,0,0,20.36,11.07,5.12
a9,2530.6,1038.9,1379.5,0,0,0,40.62,39.94,31.49
b1,5818.9,3659.6,5537.4,0,0,0,3.35,2.93,1.63
b10,2349.3,1088.8,1575.0,0,0,0,42.59,40.11,26.44
b11,2208.8,1137.3,1719.9,0,0,0,44.29,39.94,23.52
b12,2083.7,1178.1,1830.6,0,0,0,45.98,39.89,21.17
b13,2239.2,712.8,938.1,0,0,0,65.55,71.21,61.79
b14,2022.9,777.0,946.9,0,0,0,68.80,67.99,60.07
b15,1978.9,717.9,1076.7,0,0,0,71.26,74.48,51.88
b16,2248.0,799.4,1056.5,0,0,0,57.82,60.00,49.14
b17,2002.1,791.9,1049.0,0,0,0,65.61,64.93,49.68
b18,2219.8,712.1,1044.0,0,0,0,62.84,68.83,51.29
b19,2235.5,757.2,892.4,0,0,0,60.77,62.73,59.44
b2,5115.3,4157.2,6606.6,0,0,0,3.98,2.94,1.07
b20,5943.7,4716.3,7496.8,0,0,0,2.87,2.06,0.80
b21,3576.7,4505.8,7332.3,0,0,0,8.37,4.88,0.88
b22,2457.2,1429.6,2260.1,0,0,0,29.02,24.67,11.91
b3,4651.7,4645.8,7415.9,0,0,0,4.71,3.09,0.74
b4,4528.9,4744.7,7737.0,0,0,0,5.08,3.21,0.69
b5,3691.4,2279.0,3452.6,0,0,0,12.86,11.10,5.86
b6,3225.7,2655.6,4266.5,0,0,0,14.66,11.01,3.94
b7,2750.6,3216.8,5535.4,0,0,0,16.97,10.94,2.28
b8,2375.1,3989.0,6849.0,0,0,0,19.70,11.01,1.20
b9,2533.0,1029.1,1448.0,0,0,0,40.39,40.01,29.68
c1,5441.1,3045.5,4969.6,0,0,0,4.49,4.31,2.29
c10,2229.1,969.1,1629.8,0,0,0,48.17,47.13,26.63
c11,2095.5,989.6,1899.8,0,0,0,49.81,47.42,21.58
c12,2025.3,1026.7,2157.3,0,0,0,50.47,46.85,18.10
c13,2501.5,720.4,937.3,0,0,0,58.24,65.94,60.94
c14,2074.1,856.0,960.5,0,0,0,64.18,60.73,57.45
c15,1975.5,735.6,1225.2,0,0,0,68.73,71.96,42.70
c16,2520.3,897.1,1215.5,0,0,0,45.88,47.73,38.75
c17,2017.8,883.3,1196.5,0,0,0,58.66,55.64,39.40
c18,2453.7,724.9,1193.4,0,0,0,53.28,61.12,41.61
c19,2516.4,824.8,895.0,0,0,0,50.72,52.04,56.28
c2,5062.3,3239.3,6380.0,0,0,0,4.90,4.37,1.42
c20,8064.8,4852.2,7847.5,0,0,0,1.70,1.45,0.76
c21,2510.3,1985.4,3962.1,0,0,0,22.87,17.19,4.72
c22,2395.2,1181.8,1839.6,0,0,0,34.53,31.48,17.40
c3,4841.5,3451.9,7943.9,0,0,0,5.13,4.30,0.82
c4,4738.4,3370.6,8265.6,0,0,0,5.70,4.77,0.85
c5,2968.8,1427.7,2570.3,0,0,0,23.78,22.59,10.89
c6,2631.9,1513.4,4115.4,0,0,0,25.55,22.41,5.50
c7,2311.9,1538.7,6685.0,0,0,0,27.72,22.42,2.39
c8,2213.6,1557.8,8543.6,0,0,0,28.70,22.23,1.28
c9,2362.6,943.0,1419.6,0,0,0,46.89,47.28,32.40
d1,5925.1,2948.8,5151.6,0,0,0,4.16,4.32,2.27
d10,2222.9,853.1,1530.5,0,0,0,52.96,55.14,30.47
d11,2176.4,849.6,1790.5,0,0,0,52.49,54.62,24.44
d12,2097.6,792.9,3107.7,0,0,0,52.17,54.65,11.69
d13,2833.9,729.8,950.3,0,0,0,51.28,60.55,59.94
d14,2110.7,952.8,964.2,0,0,0,58.99,52.82,54.44
d15,1971.4,750.5,1423.3,0,0,0,66.07,69.08,34.69
d16,2861.4,1032.1,1409.1,0,0,0,35.35,36.71,29.94
d17,2036.4,1010.2,1373.2,0,0,0,51.68,46.54,30.64
d18,2735.4,744.8,1363.3,0,0,0,44.32,53.48,33.27
d19,2852.0,914.4,906.3,0,0,0,41.16,41.63,52.50
d2,5877.9,2946.4,6508.6,0,0,0,4.07,4.26,1.47
d20,3241.0,2646.7,5366.8,0,0,0,13.96,10.52,2.72
d21,3133.1,1399.1,2302.6,0,0,0,21.28,20.60,11.58
d22,2342.3,1053.8,1736.9,0,0,0,38.28,36.52,19.91
d3,5916.4,2945.8,8177.2,0,0,0,4.08,4.30,0.89
d4,5669.3,2794.3,8401.1,0,0,0,4.69,4.91,0.92
d5,2968.5,1182.9,2250.7,0,0,0,26.68,27.74,13.94
d6,2866.2,1141.6,3548.6,0,0,0,26.33,27.41,7.43
d7,2833.6,997.6,5993.8,0,0,0,26.10,27.43,3.60
d8,2837.5,785.2,9081.3,0,0,0,25.91,27.31,1.65
d9,2290.0,853.8,1311.6,0,0,0,53.02,55.12,37.61
e1,6588.0,2852.7,5231.2,0,0,0,3.71,4.20,2.30
e10,2850.3,964.3,1792.0,0,0,0,36.12,40.08,23.52
e11,2931.0,951.2,2051.5,0,0,0,34.48,39.54,19.51
e12,3181.4,837.4,3083.3,0,0,0,31.25,39.49,11.51
e13,3193.9,741.1,951.7,0,0,0,44.56,54.93,58.76
e14,2162.0,1075.4,975.3,0,0,0,53.83,45.36,51.25
e15,1915.2,744.2,1629.5,0,0,0,63.56,66.14,27.30
e16,3225.5,1197.3,1642.7,0,0,0,26.43,27.39,22.31
e17,2063.3,1164.0,1592.4,0,0,0,45.25,38.47,22.96
e18,3065.9,769.0,1595.7,0,0,0,36.26,46.15,25.81
e19,3259.7,1029.8,912.6,0,0,0,32.70,32.33,48.49
e2,7081.8,2681.6,6716.5,0,0,0,3.39,4.21,1.48
e20,2254.8,2244.7,7988.8,0,0,0,24.10,16.56,1.28
e21,2987.7,2021.4,5892.6,0,0,0,16.87,13.84,2.61
e22,2405.4,1399.4,3085.2,0,0,0,29.42,25.29,8.09
e3,7671.8,2547.2,8395.9,0,0,0,3.12,4.17,0.94
e4,7633.5,2397.8,8702.5,0,0,0,3.34,4.54,0.97
e5,4278.4,1601.1,3205.4,0,0,0,12.46,14.03,7.52
e6,4515.7,1432.8,4731.2,0,0,0,11.51,14.17,4.54
e7,4929.8,1196.4,6914.0,0,0,0,10.28,14.01,2.58
e8,5534.7,933.8,9317.4,0,0,0,9.41,13.94,1.45
e9,2814.0,996.9,1607.6,0,0,0,37.32,40.04,27.82
f1,9769.3,3959.5,6590.9,0,0,0,1.44,1.82,1.33
f10,3057.9,944.0,1480.2,0,0,0,35.06,39.82,30.35
f11,3227.5,923.1,1556.6,0,0,0,33.34,39.72,28.68
f12,3791.3,830.9,1740.3,0,0,0,28.72,39.60,25.54
f13,3663.2,751.6,956.4,0,0,0,37.91,49.00,57.14
f14,2217.1,1216.4,989.8,0,0,0,48.68,38.42,47.78
f15,1929.3,762.2,1976.0,0,0,0,61.43,63.43,21.20
f16,3719.7,1415.7,1930.1,0,0,0,19.07,19.84,16.29
f17,2115.6,1385.1,1914.4,0,0,0,39.69,31.74,17.01
f18,3495.9,795.5,1915.6,0,0,0,29.06,39.29,19.71
f19,3792.3,1175.1,933.7,0,0,0,25.36,24.37,44.23
f2,10830.1,3755.2,7345.1,0,0,0,1.14,1.81,1.11
f20,2893.9,1330.3,2476.3,0,0,0,25.51,24.40,11.61
f21,2369.8,1224.5,2670.2,0,0,0,32.92,29.82,10.41
f22,2271.9,1082.7,2034.0,0,0,0,37.76,35.31,15.44
f3,11408.9,3550.2,8149.6,0,0,0,0.96,1.86,0.95
f4,11664.5,3379.2,8267.7,0,0,0,1.04,2.07,1.04
f5,6147.5,1983.0,3614.0,0,0,0,6.56,8.17,5.70
f6,7876.5,1688.2,4156.0,0,0,0,5.29,8.10,4.88
f7,9851.8,1433.7,4915.5,0,0,0,4.12,7.88,4.01
f8,11377.6,1208.3,6223.8,0,0,0,3.17,7.93,3.15
f9,2921.2,983.3,1470.2,0,0,0,36.82,39.95,31.21
g1,9029.1,3190.3,4760.4,0,0,0,2.24,2.84,2.62
g10,3168.2,927.8,1350.1,0,0,0,34.81,40.06,34.24
g11,3413.0,907.7,1351.8,0,0,0,32.74,39.52,34.75
g12,4170.3,807.1,1303.0,0,0,0,28.17,39.67,37.32
g13,4156.2,754.2,948.8,0,0,0,32.34,43.69,55.43
g14,2299.6,1422.3,1017.4,0,0,0,43.33,31.66,43.84
g15,1917.3,772.0,2429.4,0,0,0,59.44,60.70,15.78
g16,4258.1,1718.3,2360.8,0,0,0,13.19,13.68,11.25
g17,2158.6,1685.4,2332.2,0,0,0,34.42,25.62,11.79
g18,3983.2,815.5,2360.1,0,0,0,22.98,33.15,14.47
g19,4394.7,1349.1,945.7,0,0,0,19.22,17.59,39.78
g2,10630.6,2982.7,4819.4,0,0,0,1.80,2.81,2.81
g20,2453.3,1095.5,2241.8,0,0,0,35.48,34.29,14.35
g21,2392.3,1102.5,3032.9,0,0,0,33.68,32.18,9.03
g22,1820.8,673.4,7117.2,0,0,0,44.97,41.42,2.73
g3,11533.6,2784.9,4782.1,0,0,0,1.51,2.88,3.06
g4,11716.0,2674.4,4789.2,0,0,0,1.63,3.14,3.31
g5,5550.8,1693.5,2608.0,0,0,0,9.02,11.02,9.72
g6,7183.8,1470.4,2495.9,0,0,0,7.51,10.82,10.37
g7,9412.1,1248.7,2459.1,0,0,0,6.21,10.78,10.87
g8,11300.9,1100.3,2432.8,0,0,0,4.84,10.54,11.46
g9,2955.0,972.3,1389.1,0,0,0,36.78,40.10,33.33
gs0,1937.6,696.9,883.9,0,0,0,74.72,77.75,63.04
gs1,2074.4,758.5,980.4,0,0,0,65.56,67.88,55.45
gs10,3868.5,1501.0,2122.8,0,0,0,18.22,18.88,15.51
gs11,4160.5,1676.7,2349.6,0,0,0,15.15,15.65,12.67
gs12,4474.9,1832.1,2562.7,0,0,0,12.54,12.98,10.68
gs13,4860.6,2045.7,2827.8,0,0,0,10.08,10.41,8.63
gs14,5281.2,2287.6,3144.5,0,0,0,8.00,8.24,6.87
gs15,5849.1,2592.5,3633.1,0,0,0,6.21,6.42,5.29
gs16,6545.8,2942.9,4115.8,0,0,0,4.68,4.81,4.05
gs17,7377.4,3276.3,4796.1,0,0,0,3.52,3.65,3.03
gs18,8337.9,3725.7,5562.9,0,0,0,2.57,2.68,2.23
gs19,9527.0,4300.3,6494.3,0,0,0,1.75,1.84,1.54
gs2,2196.3,796.3,1051.6,0,0,0,58.77,60.99,49.71
gs20,10395.0,4886.3,7377.3,0,0,0,1.17,1.22,1.07
gs21,10709.8,5103.7,7724.2,0,0,0,0.95,1.00,0.87
gs22,10874.7,5241.6,7931.7,0,0,0,0.75,0.80,0.70
gs23,11362.9,5313.0,8061.4,0,0,0,0.43,0.52,0.56
gs3,2339.3,851.9,1146.7,0,0,0,52.06,53.98,44.05
gs4,2503.4,911.5,1252.5,0,0,0,45.81,47.44,38.70
gs5,2715.3,992.9,1377.2,0,0,0,39.71,41.23,33.59
gs6,2903.2,1054.8,1481.5,0,0,0,34.84,36.16,29.36
gs7,3111.8,1140.2,1574.9,0,0,0,30.03,31.18,25.42
gs8,3364.4,1250.2,1747.3,0,0,0,25.60,26.60,21.81
gs9,3621.8,1372.1,1928.2,0,0,0,21.49,22.27,18.18
h1,8728.9,3242.9,4143.9,0,0,0,2.48,2.90,3.30
h10,3155.3,955.4,1233.4,0,0,0,35.94,39.86,39.41
h11,3377.2,920.2,1139.5,0,0,0,34.77,40.11,43.54
h12,4111.3,837.2,978.6,0,0,0,31.37,39.86,53.60
h13,4814.4,762.6,959.3,0,0,0,27.40,38.66,53.54
h14,2384.9,1675.5,1026.4,0,0,0,38.54,25.97,40.04
h15,1898.2,760.5,3030.1,0,0,0,57.65,58.09,11.55
h16,4935.2,2109.5,2878.1,0,0,0,8.79,9.09,7.52
h17,2189.4,2050.5,2874.6,0,0,0,30.00,20.76,7.97
h18,4563.5,819.5,2934.4,0,0,0,17.94,27.73,10.39
h19,5240.8,1557.6,947.7,0,0,0,14.43,12.32,35.59
h2,10310.1,3055.6,3617.1,0,0,0,2.18,2.89,4.31
h20,2344.1,955.4,2237.1,0,0,0,40.11,40.56,15.11
h21,2825.5,1061.0,1686.3,0,0,0,30.41,31.53,20.14
h22,2559.8,891.4,2709.8,0,0,0,34.18,37.07,11.10
h3,11612.4,2890.7,3186.5,0,0,0,1.91,2.82,5.47
h4,11873.6,2681.8,2984.4,0,0,0,2.07,3.18,6.44
h5,5384.7,1766.5,2250.2,0,0,0,9.54,10.90,11.81
h6,6885.8,1537.6,1885.6,0,0,0,8.56,10.92,15.18
h7,9231.5,1313.1,1637.3,0,0,0,7.56,10.80,18.87
h8,11379.7,1126.9,1442.8,0,0,0,6.47,10.48,23.24
h9,2979.9,986.4,1323.6,0,0,0,37.10,39.87,36.01
i1,6866.4,2901.1,2979.7,0,0,0,4.16,4.25,5.57
i10,2895.3,1009.2,1228.9,0,0,0,38.68,39.92,39.37
i11,2945.9,1003.2,1138.5,0,0,0,38.82,39.95,43.10
i12,3090.4,983.0,997.7,0,0,0,39.39,40.48,52.11
i13,5709.2,753.1,956.3,0,0,0,22.98,33.84,51.30
i14,2458.3,1988.0,1027.2,0,0,0,33.71,20.65,35.93
i15,1868.5,730.6,3849.7,0,0,0,55.88,55.42,8.16
i16,5974.7,2685.9,3648.8,0,0,0,5.48,5.63,4.71
i17,2248.6,2615.6,3690.8,0,0,0,25.84,16.48,5.07
i18,5350.2,800.4,3778.7,0,0,0,13.69,22.84,7.12
i19,6564.9,1843.0,947.3,0,0,0,10.53,8.11,31.26
i2,7953.9,2747.0,2265.0,0,0,0,4.22,4.26,8.42
i20,2455.3,840.4,2232.7,0,0,0,40.46,44.14,15.57
i21,4659.4,1183.7,5559.2,0,0,0,10.60,14.14,3.33
i22,3275.3,825.2,1953.2,0,0,0,27.73,35.54,16.85
i3,9282.3,2541.9,1818.6,0,0,0,4.25,4.23,11.70
i4,11791.0,2117.6,1343.4,0,0,0,4.30,4.22,18.88
i5,4278.6,1675.8,2004.0,0,0,0,13.90,14.27,15.06
i6,4557.1,1640.4,1697.9,0,0,0,13.87,14.18,19.13
i7,4819.8,1595.6,1470.1,0,0,0,14.09,14.30,23.57
i8,6239.0,1358.9,1040.8,0,0,0,14.17,14.28,37.97
i9,2846.2,1023.7,1330.8,0,0,0,38.44,39.68,35.70
j1,8502.7,4241.5,4160.5,0,0,0,2.03,1.81,2.98
j10,2770.4,1051.6,1241.4,0,0,0,40.38,40.15,39.28
j11,2733.1,1036.3,1116.4,0,0,0,41.50,40.42,43.68
j12,2725.7,1036.1,981.3,0,0,0,43.00,40.44,51.03
j13,6959.4,721.5,938.4,0,0,0,19.05,29.21,48.71
j14,2559.4,2409.5,1034.0,0,0,0,29.51,16.47,32.13
j15,1810.5,672.3,5125.6,0,0,0,54.05,52.52,5.29
j16,7529.2,3415.1,4956.1,0,0,0,3.10,3.21,2.66
j17,2308.0,3371.4,4962.0,0,0,0,22.32,13.18,2.86
j18,6578.9,737.9,5146.1,0,0,0,10.10,18.32,4.50
j19,8548.7,2172.9,930.2,0,0,0,7.58,5.05,27.03
j2,8699.2,4232.2,3022.8,0,0,0,2.43,1.89,4.86
j20,3324.0,824.7,1647.3,0,0,0,29.46,37.68,22.04
j21,9077.5,1120.8,8279.5,0,0,0,4.00,7.61,1.46
j22,10872.5,3350.2,8171.7,0,0,0,1.27,2.04,0.96
j3,9447.8,4031.1,2160.1,0,0,0,2.75,1.86,7.76
j4,12117.4,3191.5,1184.6,0,0,0,3.89,1.92,19.02
j5,4518.4,2042.6,2273.0,0,0,0,11.37,11.02,11.93
j6,4500.6,2059.2,1875.1,0,0,0,12.09,11.01,15.55
j7,4518.5,2048.3,1566.0,0,0,0,13.09,11.24,20.23
j8,4665.8,1984.7,1083.5,0,0,0,15.11,11.12,33.57
j9,2799.9,1036.6,1312.1,0,0,0,39.41,40.08,36.29
k1,5423.9,3311.8,3186.7,0,0,0,5.15,4.32,5.09
k10,2576.0,1093.2,1235.2,0,0,0,42.98,40.37,39.23
k11,2470.7,1111.9,1133.4,0,0,0,44.92,40.27,42.42
k12,2295.9,1161.6,981.7,0,0,0,48.93,40.18,48.91
k13,8620.6,679.6,923.6,0,0,0,15.44,24.54,45.44
k14,2693.5,2989.4,1040.6,0,0,0,25.29,12.75,27.93
k15,1796.1,585.6,7093.1,0,0,0,52.06,49.38,3.26
k16,9840.6,4653.3,6933.7,0,0,0,1.54,1.61,1.35
k17,2412.4,4361.4,6704.1,0,0,0,18.93,10.33,1.47
k18,8411.8,642.9,7110.9,0,0,0,6.97,13.97,2.67
k19,10796.5,2622.6,951.3,0,0,0,5.37,2.89,22.62
k2,4900.1,3715.8,2444.4,0,0,0,6.39,4.32,7.23
k20,9305.1,3008.8,6064.9,0,0,0,2.28,3.02,1.91
k21,10895.4,3842.7,6471.8,0,0,0,1.26,1.72,1.49
k22,10682.5,3451.2,4455.4,0,0,0,1.62,2.10,2.79
k3,4479.5,4037.5,1956.5,0,0,0,7.75,4.37,9.62
k4,4319.4,4243.2,1764.6,0,0,0,8.62,4.45,11.15
k5,3844.4,1885.8,2059.6,0,0,0,15.56,14.22,14.49
k6,3564.7,2038.1,1735.3,0,0,0,17.79,14.33,18.03
k7,3323.2,2187.1,1477.6,0,0,0,20.02,14.38,21.96
k8,2872.7,2489.4,1079.5,0,0,0,25.52,14.48,31.69
k9,2695.0,1057.4,1323.0,0,0,0,40.84,40.34,36.15
l1,6008.0,4040.6,4705.4,0,0,0,3.58,2.92,2.64
l10,2470.5,1110.8,1330.8,0,0,0,43.02,39.82,34.15
l11,2327.7,1148.1,1276.4,0,0,0,45.36,39.98,35.08
l12,2195.9,1180.1,1224.7,0,0,0,48.06,40.19,35.97
l13,10200.6,684.7,946.2,0,0,0,12.12,19.77,41.27
l14,2849.1,3580.0,1060.3,0,0,0,21.34,9.74,23.64
l15,1816.3,503.0,9308.0,0,0,0,48.52,44.71,1.86
l16,12015.8,5986.7,9199.9,0,0,0,0.63,0.68,0.60
l17,2597.6,5489.5,8408.9,0,0,0,15.51,7.82,0.67
l18,10439.9,649.6,9521.6,0,0,0,4.37,9.78,1.44
l19,12263.6,3255.3,1029.4,0,0,0,3.85,1.60,18.27
l2,5201.6,4589.9,4369.9,0,0,0,4.48,2.96,2.93
l20,11655.4,5430.1,7922.2,0,0,0,0.71,0.78,0.82
l21,10662.3,5336.8,7299.8,0,0,0,0.96,0.93,1.01
l22,7756.2,4840.7,6196.9,0,0,0,1.94,1.57,1.38
l3,4694.9,4983.1,4093.6,0,0,0,5.39,3.12,3.23
l4,4620.1,5039.3,3961.3,0,0,0,5.95,3.40,3.57
l5,3945.9,2315.1,2564.0,0,0,0,12.96,11.08,9.97
l6,3421.9,2698.5,2311.1,0,0,0,15.38,10.99,10.69
l7,3021.5,3212.7,2066.7,0,0,0,18.18,11.02,11.56
l8,2694.8,3845.4,1836.8,0,0,0,21.16,10.96,12.58
l9,2638.6,1059.0,1360.3,0,0,0,40.94,39.99,33.66
