patch,r,g,b,refR,refG,refB,refX,refY,refZ
a1,5989.7,3209.4,3948.9,0,0,0,3.60,3.01,2.05
a10,2451.1,966.4,1185.4,0,0,0,42.88,40.04,30.47
a11,2304.6,1001.3,1207.6,0,0,0,45.09,40.03,29.12
a12,2213.6,1038.2,1234.0,0,0,0,46.77,39.85,28.06
a13,2189.5,626.3,800.4,0,0,0,71.78,75.46,63.09
a14,2148.7,654.5,812.8,0,0,0,71.91,73.14,62.17
a15,2137.9,625.2,802.9,0,0,0,74.11,76.98,63.06
a16,2137.5,625.3,794.6,0,0,0,72.73,75.12,62.60
a17,2091.8,605.3,772.0,0,0,0,74.05,76.81,62.33
a18,2105.7,602.6,774.1,0,0,0,74.16,77.19,62.97
a19,2137.2,601.8,738.4,0,0,0,69.16,71.70,62.05
a2,4924.6,3827.0,4138.6,0,0,0,4.42,2.97,1.76
a20,8460.4,4392.5,5770.9,0,0,0,1.37,1.12,0.78
a21,4170.7,3953.5,5793.6,0,0,0,5.17,3.27,0.85
a22,2795.7,3741.9,5856.0,0,0,0,10.35,5.90,0.91
a3,4328.9,4553.2,4476.0,0,0,0,5.12,3.01,1.46
a4,4122.1,4605.7,4453.3,0,0,0,5.65,3.26,1.60
a5,3726.8,1956.2,2322.4,0,0,0,12.71,10.97,7.93
a6,3080.3,2192.1,2374.1,0,0,0,15.07,11.10,6.97
a7,2649.5,2572.2,2529.6,0,0,0,17.42,11.10,6.06
a8,2272.0,3241.5,2686.0,0,0,0,20.36,11.07,5.12
a9,2603.5,926.1,1167.7,0,0,0,40.62,39.94,31.49
b1,6183.3,3187.7,4484.1,0,0,0,3.35,2.93,1.63
b10,2446.4,976.9,1325.8,0,0,0,42.59,40.11,26.44
b11,2279.9,1009.6,1398.2,0,0,0,44.29,39.94,23.52
b12,2181.6,1040.9,1492.9,0,0,0,45.98,39.89,21.17
b13,2372.7,635.8,803.7,0,0,0,65.55,71.21,61.79
b14,2186.5,693.5,822.9,0,0,0,68.80,67.99,60.07
b15,2138.3,642.2,917.0,0,0,0,71.26,74.48,51.88
b16,2375.1,706.6,900.2,0,0,0,57.82,60.00,49.14
b17,2119.1,682.7,866.9,0,0,0,65.61,64.93,49.68
b18,2297.8,619.7,853.0,0,0,0,62.84,68.83,51.29
b19,2306.8,640.7,735.3,0,0,0,60.77,62.73,59.44
b2,5237.4,3711.0,5382.5,0,0,0,3.98,2.94,1.07
b20,6123.6,4228.9,6145.6,0,0,0,2.87,2.06,0.80
b21,3125.4,3983.3,6200.4,0,0,0,8.37,4.88,0.88
b22,2426.0,1256.0,1851.2,0,0,0,29.02,24.67,11.91
b3,4553.5,4280.9,6314.3,0,0,0,4.71,3.09,0.74
b4,4330.9,4455.0,6664.8,0,0,0,5.08,3.21,0.69
b5,3586.0,2007.6,2926.0,0,0,0,12.86,11.10,5.86
b6,2978.4,2237.5,3542.2,0,0,0,14.66,11.01,3.94
b7,2468.2,2653.0,4653.0,0,0,0,16.97,10.94,2.28
b8,2088.1,3322.0,5956.4,0,0,0,19.70,11.01,1.20
b9,2617.9,930.3,1226.0,0,0,0,40.39,40.01,29.68
c1,5719.3,2626.4,4068.3,0,0,0,4.49,4.31,2.29
c10,2334.2,870.6,1348.8,0,0,0,48.17,47.13,26.63
c11,2196.4,891.5,1529.4,0,0,0,49.81,47.42,21.58
c12,2109.3,899.8,1716.5,0,0,0,50.47,46.85,18.10
c13,2602.9,633.2,786.1,0,0,0,58.24,65.94,60.94
c14,2188.8,740.0,811.2,0,0,0,64.18,60.73,57.45
c15,2131.1,661.2,1026.9,0,0,0,68.73,71.96,42.70
c16,2606.3,785.5,994.3,0,0,0,45.88,47.73,38.75
c17,2136.2,767.2,983.8,0,0,0,58.66,55.64,39.40
c18,2505.7,636.7,952.5,0,0,0,53.28,61.12,41.61
c19,2576.0,704.5,749.1,0,0,0,50.72,52.04,56.28
c2,5204.5,2791.5,5235.6,0,0,0,4.90,4.37,1.42
c20,8213.1,4321.0,6555.0,0,0,0,1.70,1.45,0.76
c21,2366.8,1673.0,3284.6,0,0,0,22.87,17.19,4.72
c22,2390.1,1031.5,1476.1,0,0,0,34.53,31.48,17.40
c3,4852.1,2937.0,6889.5,0,0,0,5.13,4.30,0.82
c4,4649.2,2845.5,7192.7,0,0,0,5.70,4.77,0.85
c5,2915.1,1321.4,2184.5,0,0,0,23.78,22.59,10.89
c6,2481.5,1361.1,3406.6,0,0,0,25.55,22.41,5.50
c7,2129.8,1312.2,5748.4,0,0,0,27.72,22.42,2.39
c8,2014.3,1240.8,7952.3,0,0,0,28.70,22.23,1.28
c9,2470.8,847.6,1196.6,0,0,0,46.89,47.28,32.40
d1,6222.0,2536.6,4256.8,0,0,0,4.16,4.32,2.27
d10,2337.1,762.2,1241.6,0,0,0,52.96,55.14,30.47
d11,2281.3,764.9,1428.7,0,0,0,52.49,54.62,24.44
d12,2147.3,724.3,2412.2,0,0,0,52.17,54.65,11.69
d13,2898.1,636.1,779.1,0,0,0,51.28,60.55,59.94
d14,2205.7,803.6,807.1,0,0,0,58.99,52.82,54.44
d15,2110.9,669.5,1145.8,0,0,0,66.07,69.08,34.69
d16,2917.3,901.7,1131.9,0,0,0,35.35,36.71,29.94
d17,2149.0,874.9,1126.5,0,0,0,51.68,46.54,30.64
d18,2793.6,656.0,1070.1,0,0,0,44.32,53.48,33.27
d19,2907.3,778.3,750.2,0,0,0,41.16,41.63,52.50
d2,6191.4,2539.7,5471.3,0,0,0,4.07,4.26,1.47
d20,2958.6,2124.1,4356.4,0,0,0,13.96,10.52,2.72
d21,3080.7,1231.9,1888.2,0,0,0,21.28,20.60,11.58
d22,2350.1,913.5,1368.7,0,0,0,38.28,36.52,19.91
d3,6164.9,2475.2,7138.2,0,0,0,4.08,4.30,0.89
d4,5815.7,2334.1,7502.3,0,0,0,4.69,4.91,0.92
d5,2963.3,1090.2,1871.5,0,0,0,26.68,27.74,13.94
d6,2769.6,1057.3,2918.8,0,0,0,26.33,27.41,7.43
d7,2628.9,903.7,4910.9,0,0,0,26.10,27.43,3.60
d8,2576.2,629.6,8350.8,0,0,0,25.91,27.31,1.65
d9,2384.1,754.0,1078.8,0,0,0,53.02,55.12,37.61
e1,6926.9,2465.0,4348.2,0,0,0,3.71,4.20,2.30
e10,2895.7,855.7,1421.9,0,0,0,36.12,40.08,23.52
e11,2972.3,846.8,1604.7,0,0,0,34.48,39.54,19.51
e12,3153.0,766.4,2394.7,0,0,0,31.25,39.49,11.51
e13,3258.2,639.8,772.8,0,0,0,44.56,54.93,58.76
e14,2253.0,901.2,814.1,0,0,0,53.83,45.36,51.25
e15,2077.4,673.2,1304.5,0,0,0,63.56,66.14,27.30
e16,3274.1,1041.9,1300.5,0,0,0,26.43,27.39,22.31
e17,2159.5,1016.0,1307.6,0,0,0,45.25,38.47,22.96
e18,3144.1,693.2,1260.5,0,0,0,36.26,46.15,25.81
e19,3317.9,872.9,762.4,0,0,0,32.70,32.33,48.49
e2,7422.0,2330.9,5676.6,0,0,0,3.39,4.21,1.48
e20,2023.7,1702.1,7316.9,0,0,0,24.10,16.56,1.28
e21,2740.4,1641.9,4831.7,0,0,0,16.87,13.84,2.61
e22,2300.1,1200.5,2431.1,0,0,0,29.42,25.29,8.09
e3,7851.4,2147.3,7455.9,0,0,0,3.12,4.17,0.94
e4,7753.4,2005.9,7744.0,0,0,0,3.34,4.54,0.97
e5,4316.2,1454.4,2606.6,0,0,0,12.46,14.03,7.52
e6,4518.7,1309.1,3810.8,0,0,0,11.51,14.17,4.54
e7,4898.1,1087.6,5747.7,0,0,0,10.28,14.01,2.58
e8,5451.8,792.6,8530.2,0,0,0,9.41,13.94,1.45
e9,2855.5,875.8,1278.9,0,0,0,37.32,40.04,27.82
f1,9909.9,3339.0,5410.6,0,0,0,1.44,1.82,1.33
f10,3148.3,832.0,1184.5,0,0,0,35.06,39.82,30.35
f11,3340.0,818.5,1241.0,0,0,0,33.34,39.72,28.68
f12,3918.6,740.5,1321.9,0,0,0,28.72,39.60,25.54
f13,3739.2,639.0,752.0,0,0,0,37.91,49.00,57.14
f14,2307.8,1028.4,833.8,0,0,0,48.68,38.42,47.78
f15,2058.3,687.0,1538.2,0,0,0,61.43,63.43,21.20
f16,3758.2,1231.5,1530.8,0,0,0,19.07,19.84,16.29
f17,2166.7,1195.0,1559.4,0,0,0,39.69,31.74,17.01
f18,3580.2,718.1,1504.1,0,0,0,29.06,39.29,19.71
f19,3919.1,999.3,771.6,0,0,0,25.36,24.37,44.23
f2,11357.9,3055.4,6006.3,0,0,0,1.14,1.81,1.11
f20,2826.5,1164.1,1979.2,0,0,0,25.51,24.40,11.61
f21,2325.9,1071.6,2148.3,0,0,0,32.92,29.82,10.41
f22,2272.0,949.9,1628.4,0,0,0,37.76,35.31,15.44
f3,12549.9,2783.9,6810.6,0,0,0,0.96,1.86,0.95
f4,12842.7,2607.5,6911.5,0,0,0,1.04,2.07,1.04
f5,6397.1,1756.9,2967.2,0,0,0,6.56,8.17,5.70
f6,8079.3,1549.2,3527.0,0,0,0,5.29,8.10,4.88
f7,10080.6,1329.0,4087.9,0,0,0,4.12,7.88,4.01
f8,12416.7,1051.1,4987.1,0,0,0,3.17,7.93,3.15
f9,3004.8,864.3,1187.2,0,0,0,36.82,39.95,31.21
g1,9176.9,2723.5,3899.2,0,0,0,2.24,2.84,2.62
g10,3286.5,823.8,1110.5,0,0,0,34.81,40.06,34.24
g11,3544.6,796.4,1080.6,0,0,0,32.74,39.52,34.75
g12,4365.9,700.4,995.6,0,0,0,28.17,39.67,37.32
g13,4312.1,643.3,747.4,0,0,0,32.34,43.69,55.43
g14,2355.0,1191.0,844.1,0,0,0,43.33,31.66,43.84
g15,2007.7,690.4,1858.6,0,0,0,59.44,60.70,15.78
g16,4308.4,1472.7,1869.1,0,0,0,13.19,13.68,11.25
g17,2159.1,1436.7,1894.0,0,0,0,34.42,25.62,11.79
g18,4030.0,730.6,1793.6,0,0,0,22.98,33.15,14.47
g19,4611.2,1153.2,781.5,0,0,0,19.22,17.59,39.78
g2,11144.4,2471.6,3812.7,0,0,0,1.80,2.81,2.81
g20,2422.9,948.8,1764.5,0,0,0,35.48,34.29,14.35
g21,2332.7,968.4,2428.6,0,0,0,33.68,32.18,9.03
g22,1786.5,591.5,6117.4,0,0,0,44.97,41.42,2.73
g3,12939.7,2213.9,3746.3,0,0,0,1.51,2.88,3.06
g4,13231.0,2101.8,3685.7,0,0,0,1.63,3.14,3.31
g5,5842.5,1524.6,2157.5,0,0,0,9.02,11.02,9.72
g6,7506.9,1371.2,2106.9,0,0,0,7.51,10.82,10.37
g7,9837.2,1210.9,2084.1,0,0,0,6.21,10.78,10.87
g8,12824.1,1003.1,1960.9,0,0,0,4.84,10.54,11.46
g9,3043.5,856.6,1130.6,0,0,0,36.78,40.10,33.33
gs0,2081.0,599.9,730.9,0,0,0,74.72,77.75,63.04
gs1,2196.7,645.7,789.3,0,0,0,65.56,67.88,55.45
gs10,3883.9,1248.8,1613.9,0,0,0,18.22,18.88,15.51
gs11,4164.3,1393.0,1806.5,0,0,0,15.15,15.65,12.67
gs12,4517.8,1516.6,1973.4,0,0,0,12.54,12.98,10.68
gs13,4919.3,1671.5,2183.5,0,0,0,10.08,10.41,8.63
gs14,5423.5,1860.7,2478.7,0,0,0,8.00,8.24,6.87
gs15,6078.1,2091.4,2844.4,0,0,0,6.21,6.42,5.29
gs16,6776.0,2366.3,3242.0,0,0,0,4.68,4.81,4.05
gs17,7633.5,2678.3,3785.1,0,0,0,3.52,3.65,3.03
gs18,8521.9,3068.1,4383.2,0,0,0,2.57,2.68,2.23
gs19,9610.5,3561.4,5123.0,0,0,0,1.75,1.84,1.54
gs2,2315.0,686.8,853.2,0,0,0,58.77,60.99,49.71
gs20,10577.8,4078.2,5854.6,0,0,0,1.17,1.22,1.07
gs21,11002.2,4317.7,6215.9,0,0,0,0.95,1.00,0.87
gs22,11165.2,4444.3,6408.4,0,0,0,0.75,0.80,0.70
gs23,11990.5,4439.3,6390.9,0,0,0,0.43,0.52,0.56
gs3,2450.6,734.7,929.1,0,0,0,52.06,53.98,44.05
gs4,2591.4,778.2,998.7,0,0,0,45.81,47.44,38.70
gs5,2768.6,843.6,1084.7,0,0,0,39.71,41.23,33.59
gs6,2898.7,887.7,1147.3,0,0,0,34.84,36.16,29.36
gs7,3132.9,971.0,1256.8,0,0,0,30.03,31.18,25.42
gs8,3367.4,1050.6,1352.2,0,0,0,25.60,26.60,21.81
gs9,3637.9,1166.6,1510.3,0,0,0,21.49,22.27,18.18
h1,8869.5,2780.6,3409.4,0,0,0,2.48,2.90,3.30
h10,3279.0,839.1,1027.0,0,0,0,35.94,39.86,39.41
h11,3508.3,793.6,935.1,0,0,0,34.77,40.11,43.54
h12,4277.0,709.3,784.1,0,0,0,31.37,39.86,53.60
h13,5053.4,649.1,751.3,0,0,0,27.40,38.66,53.54
h14,2428.4,1417.0,865.3,0,0,0,38.54,25.97,40.04
h15,1967.6,691.1,2328.2,0,0,0,57.65,58.09,11.55
h16,5097.3,1781.7,2304.1,0,0,0,8.79,9.09,7.52
h17,2151.3,1721.3,2376.5,0,0,0,30.00,20.76,7.97
h18,4613.2,743.0,2235.5,0,0,0,17.94,27.73,10.39
h19,5564.2,1333.9,778.3,0,0,0,14.43,12.32,35.59
h2,10669.8,2554.6,2906.0,0,0,0,2.18,2.89,4.31
h20,2330.7,828.8,1711.8,0,0,0,40.11,40.56,15.11
h21,2816.6,901.7,1305.7,0,0,0,30.41,31.53,20.14
h22,2536.8,806.2,2111.4,0,0,0,34.18,37.07,11.10
h3,13053.0,2309.7,2510.1,0,0,0,1.91,2.82,5.47
h4,13747.3,2072.8,2307.5,0,0,0,2.07,3.18,6.44
h5,5685.6,1562.1,1849.0,0,0,0,9.54,10.90,11.81
h6,7312.6,1408.0,1602.5,0,0,0,8.56,10.92,15.18
h7,9701.0,1241.8,1402.3,0,0,0,7.56,10.80,18.87
h8,13229.7,996.5,1181.1,0,0,0,6.47,10.48,23.24
h9,3087.3,867.1,1089.2,0,0,0,37.10,39.87,36.01
i1,7277.9,2494.6,2502.2,0,0,0,4.16,4.25,5.57
i10,2998.1,877.2,1016.8,0,0,0,38.68,39.92,39.37
i11,3071.3,869.8,951.3,0,0,0,38.82,39.95,43.10
i12,3127.8,814.9,795.8,0,0,0,39.39,40.48,52.11
i13,5994.1,647.9,755.6,0,0,0,22.98,33.84,51.30
i14,2467.4,1659.5,865.3,0,0,0,33.71,20.65,35.93
i15,1905.6,665.9,2944.4,0,0,0,55.88,55.42,8.16
i16,6213.1,2196.1,2893.5,0,0,0,5.48,5.63,4.71
i17,2129.8,2091.5,2992.9,0,0,0,25.84,16.48,5.07
i18,5401.1,744.8,2844.9,0,0,0,13.69,22.84,7.12
i19,6990.6,1560.1,786.0,0,0,0,10.53,8.11,31.26
i2,8244.2,2356.4,1913.0,0,0,0,4.22,4.26,8.42
i20,2449.2,738.9,1696.6,0,0,0,40.46,44.14,15.57
i21,4629.8,1031.6,4254.7,0,0,0,10.60,14.14,3.33
i22,3301.3,722.5,1499.3,0,0,0,27.73,35.54,16.85
i3,9610.0,2180.6,1521.6,0,0,0,4.25,4.23,11.70
i4,14140.7,1645.2,1085.9,0,0,0,4.30,4.22,18.88
i5,4425.0,1459.7,1595.1,0,0,0,13.90,14.27,15.06
i6,4815.0,1451.5,1404.1,0,0,0,13.87,14.18,19.13
i7,5155.5,1404.7,1226.2,0,0,0,14.09,14.30,23.57
i8,6663.4,1218.1,895.2,0,0,0,14.17,14.28,37.97
i9,2912.4,876.6,1073.5,0,0,0,38.44,39.68,35.70
j1,8783.8,3676.5,3368.2,0,0,0,2.03,1.81,2.98
j10,2869.5,888.3,1006.1,0,0,0,40.38,40.15,39.28
j11,2867.7,896.1,938.5,0,0,0,41.50,40.42,43.68
j12,2794.6,868.1,802.9,0,0,0,43.00,40.44,51.03
j13,7222.4,637.3,749.8,0,0,0,19.05,29.21,48.71
j14,2538.4,1986.8,875.9,0,0,0,29.51,16.47,32.13
j15,1842.9,615.0,4026.2,0,0,0,54.05,52.52,5.29
j16,7760.7,2810.5,3872.9,0,0,0,3.10,3.21,2.66
j17,2102.6,2643.4,4034.3,0,0,0,22.32,13.18,2.86
j18,6569.8,722.5,3948.6,0,0,0,10.10,18.32,4.50
j19,8967.4,1823.9,796.1,0,0,0,7.58,5.05,27.03
j2,8969.5,3672.0,2482.8,0,0,0,2.43,1.89,4.86
j20,3343.9,703.4,1228.4,0,0,0,29.46,37.68,22.04
j21,8984.2,913.5,6964.3,0,0,0,4.00,7.61,1.46
j22,11231.0,2547.9,6618.2,0,0,0,1.27,2.04,0.96
j3,9774.8,3465.7,1814.8,0,0,0,2.75,1.86,7.76
j4,14966.6,2456.3,980.8,0,0,0,3.89,1.92,19.02
j5,4649.7,1726.2,1830.0,0,0,0,11.37,11.02,11.93
j6,4703.9,1753.8,1541.1,0,0,0,12.09,11.01,15.55
j7,4754.6,1740.8,1299.7,0,0,0,13.09,11.24,20.23
j8,4941.1,1688.7,912.4,0,0,0,15.11,11.12,33.57
j9,2858.7,879.2,1059.5,0,0,0,39.41,40.08,36.29
k1,5784.0,2805.2,2597.7,0,0,0,5.15,4.32,5.09
k10,2663.4,913.0,997.3,0,0,0,42.98,40.37,39.23
k11,2571.5,940.8,932.1,0,0,0,44.92,40.27,42.42
k12,2400.4,970.8,822.2,0,0,0,48.93,40.18,48.91
k13,8973.5,624.4,750.9,0,0,0,15.44,24.54,45.44
k14,2617.9,2446.8,870.4,0,0,0,25.29,12.75,27.93
k15,1783.0,516.4,5719.5,0,0,0,52.06,49.38,3.26
k16,9842.7,3793.7,5283.2,0,0,0,1.54,1.61,1.35
k17,2087.6,3516.3,5457.4,0,0,0,18.93,10.33,1.47
k18,8287.0,644.5,5771.6,0,0,0,6.97,13.97,2.67
k19,11644.4,2157.7,806.7,0,0,0,5.37,2.89,22.62
k2,5076.3,3169.1,2007.6,0,0,0,6.39,4.32,7.23
k20,9461.8,2438.0,4787.2,0,0,0,2.28,3.02,1.91
k21,11266.7,2975.6,4929.3,0,0,0,1.26,1.72,1.49
k22,11047.6,2723.4,3422.0,0,0,0,1.62,2.10,2.79
k3,4523.1,3491.2,1620.7,0,0,0,7.75,4.37,9.62
k4,4336.6,3762.4,1475.5,0,0,0,8.62,4.45,11.15
k5,3901.6,1612.6,1647.1,0,0,0,15.56,14.22,14.49
k6,3567.4,1714.9,1404.6,0,0,0,17.79,14.33,18.03
k7,3323.9,1825.3,1227.1,0,0,0,20.02,14.38,21.96
k8,2848.5,2063.7,928.4,0,0,0,25.52,14.48,31.69
k9,2740.1,881.6,1038.2,0,0,0,40.84,40.34,36.15
l1,6304.9,3412.0,3768.0,0,0,0,3.58,2.92,2.64
l10,2553.4,924.8,1056.6,0,0,0,43.02,39.82,34.15
l11,2425.3,966.1,1034.1,0,0,0,45.36,39.98,35.08
l12,2283.7,980.5,980.1,0,0,0,48.06,40.19,35.97
l13,11003.3,628.2,767.9,0,0,0,12.12,19.77,41.27
l14,2723.9,2991.7,880.2,0,0,0,21.34,9.74,23.64
l15,1753.5,340.0,8659.3,0,0,0,48.52,44.71,1.86
l16,12539.8,5395.4,7754.2,0,0,0,0.63,0.68,0.60
l17,2121.0,5075.2,7675.6,0,0,0,15.51,7.82,0.67
l18,10584.3,523.1,8627.5,0,0,0,4.37,9.78,1.44
l19,14852.4,2480.5,833.2,0,0,0,3.85,1.60,18.27
l2,5346.6,4057.8,3512.1,0,0,0,4.48,2.96,2.93
l20,12167.8,4618.2,6351.8,0,0,0,0.71,0.78,0.82
l21,10879.5,4567.5,5596.7,0,0,0,0.96,0.93,1.01
l22,8074.7,4196.6,4868.0,0,0,0,1.94,1.57,1.38
l3,4642.0,4558.2,3250.0,0,0,0,5.39,3.12,3.23
l4,4513.0,4622.1,3169.6,0,0,0,5.95,3.40,3.57
l5,3920.8,1926.3,2062.2,0,0,0,12.96,11.08,9.97
l6,3321.9,2231.0,1909.8,0,0,0,15.38,10.99,10.69
l7,2874.2,2617.2,1737.7,0,0,0,18.18,11.02,11.56
l8,2537.5,3198.4,1521.0,0,0,0,21.16,10.96,12.58
l9,2679.8,895.8,1076.4,0,0,0,40.94,39.99,33.66
