patch r g b
a1 7932.9 4723.0 6835.5
a10 3283.9 1624.8 2193.0
a11 3122.1 1713.2 2262.5
a12 3016.6 1784.4 2317.4
a13 2896.7 1020.2 1443.9
a14 2831.7 1059.7 1449.3
a15 2794.0 1003.4 1447.9
a16 2802.0 1014.0 1427.7
a17 2747.9 981.9 1414.9
a18 2720.1 960.3 1365.1
a19 2781.3 977.3 1301.9
a2 6939.6 5059.1 7053.8
a20 9754.4 5191.4 8165.9
a21 6178.4 4968.8 7835.2
a22 4201.0 4693.1 7555.0
a3 6254.8 5255.7 7317.6
a4 6055.6 5271.8 7323.2
a5 5073.0 3180.0 4420.4
a6 4296.4 3575.9 4665.7
a7 3850.9 4041.2 4941.3
a8 3486.8 4588.0 5204.7
a9 3464.7 1561.7 2157.4
b1 8128.6 4765.7 7335.7
b10 3270.1 1642.7 2482.3
b11 3113.6 1715.0 2657.8
b12 3008.4 1802.4 2889.7
b13 3107.0 1031.6 1449.2
b14 2843.7 1124.6 1448.5
b15 2787.0 1025.6 1627.0
b16 3095.6 1158.6 1630.8
b17 2790.7 1131.3 1612.8
b18 2985.9 994.8 1566.4
b19 2988.2 1056.6 1310.5
b2 7436.8 5037.7 7804.1
b20 8443.7 5152.6 8216.5
b21 4710.2 4914.2 7759.1
b22 3229.3 2081.9 3566.1
b3 6715.5 5242.4 8073.4
b4 6469.5 5275.4 8236.4
b5 4866.6 3217.9 5293.1
b6 4254.0 3632.4 6334.4
b7 3799.1 4176.7 7304.7
b8 3480.3 4733.1 7889.1
b9 3461.7 1554.1 2273.3
c1 7648.4 4272.6 6965.0
c10 3123.0 1457.4 2539.7
c11 3002.4 1500.8 3004.7
c12 2934.7 1545.4 3435.2
c13 3384.2 1042.4 1455.8
c14 2887.9 1234.1 1448.1
c15 2792.7 1049.2 1865.8
c16 3375.4 1302.3 1855.3
c17 2826.4 1284.4 1849.0
c18 3277.4 1028.3 1818.1
c19 3293.1 1166.2 1321.1
c2 7308.1 4504.2 7748.6
c20 9734.1 5227.7 8415.7
c21 3358.1 2812.3 5936.4
c22 3171.9 1734.1 2856.2
c3 7033.8 4668.7 8346.3
c4 6865.8 4587.1 8455.1
c5 3857.0 2133.0 4034.8
c6 3510.2 2277.5 6045.9
c7 3312.4 2469.4 7964.8
c8 3267.2 2614.1 8600.7
c9 3277.2 1413.3 2225.8
d1 8070.9 4225.2 7093.4
d10 3107.6 1264.9 2373.5
d11 3073.1 1261.9 2807.3
d12 2997.1 1185.9 4870.4
d13 3719.5 1045.4 1456.6
d14 2923.0 1381.3 1461.6
d15 2787.0 1068.5 2172.1
d16 3727.3 1496.4 2142.9
d17 2863.0 1485.3 2128.8
d18 3571.6 1056.2 2083.6
d19 3633.5 1300.3 1331.4
d2 8250.0 4301.8 7947.6
d20 4168.0 3548.0 7108.7
d21 3963.9 2057.2 3586.3
d22 3094.2 1532.5 2658.8
d3 8382.5 4349.8 8546.1
d4 8137.8 4181.9 8645.4
d5 3883.1 1780.2 3556.9
d6 3790.1 1752.5 5545.2
d7 3794.4 1641.6 7724.4
d8 3918.7 1592.2 8988.8
d9 3167.7 1263.5 2023.7
e1 8554.2 4155.8 7206.2
e10 3773.0 1429.5 2763.8
e11 3870.5 1398.3 3216.6
e12 4190.6 1225.5 4838.0
e13 4152.4 1056.6 1436.2
e14 2973.8 1570.5 1465.1
e15 2777.2 1088.0 2580.0
e16 4187.2 1760.1 2519.9
e17 2895.1 1745.8 2511.1
e18 3963.1 1075.4 2481.3
e19 4122.5 1469.5 1336.0
e2 9002.4 4113.9 8062.9
e20 3197.1 3261.4 8195.4
e21 3898.2 2898.5 7473.4
e22 3181.2 2079.0 4800.1
e3 9394.1 4103.7 8702.8
e4 9440.1 3959.5 8917.9
e5 5836.5 2392.9 4996.8
e6 6361.8 2223.2 6754.0
e7 7100.0 2023.7 8286.1
e8 7997.2 1865.4 9275.8
e9 3714.3 1463.8 2425.5
f1 9784.5 5044.4 7934.2
f10 4014.0 1396.1 2269.0
f11 4177.9 1327.5 2333.9
f12 5077.0 1185.8 2628.3
f13 4798.3 1056.2 1427.9
f14 3027.6 1791.9 1468.3
f15 2751.2 1099.5 3084.0
f16 4849.3 2087.0 3055.2
f17 2951.6 2080.5 3048.2
f18 4562.7 1122.6 2960.8
f19 4874.8 1686.2 1358.2
f2 10124.3 5023.3 8286.7
f20 3678.8 1969.6 3895.3
f21 3140.0 1827.3 4218.8
f22 3032.6 1608.6 3210.1
f3 10274.2 4931.4 8540.7
f4 10438.2 4914.4 8698.6
f5 8288.7 3015.2 5587.5
f6 9398.6 2806.4 6356.8
f7 10068.3 2666.4 7216.1
f8 10462.2 2525.4 8162.1
f9 3827.5 1443.8 2215.9
g1 9511.6 4530.9 6873.7
g10 4149.8 1360.3 2068.1
g11 4454.1 1312.1 2032.1
g12 5681.2 1124.4 1931.0
g13 5579.2 1046.5 1410.8
g14 3105.8 2079.4 1486.1
g15 2720.4 1098.7 3779.3
g16 5723.8 2502.7 3723.1
g17 2996.9 2482.7 3735.3
g18 5307.4 1141.3 3678.3
g19 5889.0 1956.2 1364.2
g2 9959.2 4492.1 6937.8
g20 3212.6 1617.2 3524.8
g21 3152.8 1629.7 4778.4
g22 2663.7 1235.9 8081.5
g3 10205.3 4379.6 6905.5
g4 10353.6 4319.7 6881.8
g5 7656.0 2523.9 4069.3
g6 8984.1 2343.2 4042.9
g7 9918.5 2206.7 4094.9
g8 10371.3 2148.6 4118.7
g9 3867.8 1429.2 2091.8
gs0 2559.6 983.3 1299.9
gs1 2729.7 1067.8 1436.6
gs10 5015.2 2199.0 3220.9
gs11 5494.9 2445.8 3593.0
gs12 6052.1 2654.0 3940.1
gs13 6639.4 2940.8 4402.9
gs14 7302.9 3290.7 4928.1
gs15 8000.7 3667.2 5562.3
gs16 8656.2 4147.0 6210.9
gs17 9287.4 4525.0 6875.1
gs18 9760.1 4857.4 7473.9
gs19 10074.6 5073.3 7912.0
gs2 2881.4 1133.2 1533.9
gs20 10182.1 5180.4 8172.5
gs21 10173.3 5204.3 8263.8
gs22 10134.6 5206.8 8315.8
gs23 10116.7 5189.2 8329.9
gs3 3047.8 1218.3 1668.7
gs4 3237.9 1316.4 1818.4
gs5 3476.4 1435.2 2014.9
gs6 3717.2 1560.5 2214.1
gs7 3974.9 1700.5 2398.3
gs8 4264.7 1835.1 2605.7
gs9 4639.3 2030.7 2935.3
h1 9415.0 4603.1 6296.2
h10 4085.1 1397.1 1842.6
h11 4382.4 1328.9 1708.5
h12 5491.7 1157.8 1430.1
h13 6624.2 1045.3 1409.3
h14 3190.7 2434.0 1501.6
h15 2684.5 1096.0 4658.5
h16 6943.5 3071.6 4609.8
h17 3053.8 2947.3 4585.1
h18 6275.7 1153.1 4563.4
h19 7181.6 2268.8 1383.7
h2 9895.7 4517.4 5713.1
h20 3112.7 1397.9 3516.1
h21 3616.9 1545.4 2605.1
h22 3335.2 1308.2 4304.8
h3 10204.0 4450.7 5176.5
h4 10356.8 4296.1 4841.4
h5 7452.7 2617.1 3522.4
h6 8847.7 2405.4 3010.6
h7 9856.9 2258.7 2625.4
h8 10410.0 2164.0 2324.1
h9 3877.4 1441.0 1976.9
i1 8646.4 4122.0 4835.5
i10 3752.9 1477.4 1826.1
i11 3824.7 1467.5 1708.6
i12 3955.9 1404.4 1457.8
i13 7716.7 1040.4 1400.3
i14 3285.6 2844.8 1511.4
i15 2667.5 1086.5 5776.3
i16 8228.8 3865.9 5757.7
i17 3141.5 3548.8 5685.4
i18 7400.2 1165.1 5713.3
i19 8533.2 2690.3 1425.3
i2 9212.0 4046.4 3733.0
i20 3214.5 1225.3 3481.6
i21 6521.4 1841.7 7358.0
i22 4173.9 1170.5 3032.1
i3 9766.7 3876.3 2988.9
i4 10371.4 3549.4 2131.9
i5 5770.1 2444.3 2981.0
i6 6247.0 2402.4 2522.3
i7 6688.1 2360.4 2184.9
i8 8338.2 2053.6 1535.7
i9 3690.5 1484.1 1960.4
j1 9455.5 5154.2 6327.1
j10 3608.8 1518.8 1822.3
j11 3591.4 1527.1 1703.7
j12 3569.7 1520.3 1461.1
j13 8768.3 1070.0 1402.3
j14 3409.4 3291.7 1549.6
j15 2648.5 1066.3 7183.8
j16 9508.6 4708.5 7194.9
j17 3253.9 4221.4 6929.8
j18 8568.4 1219.4 7191.2
j19 9731.8 3261.7 1455.0
j2 9594.9 5203.7 5042.9
j20 4253.4 1165.1 2502.9
j21 9729.9 2378.3 8784.4
j22 10188.1 4704.5 8471.1
j3 9882.1 5118.5 3789.3
j4 10514.3 4596.2 1943.9
j5 6111.2 2901.4 3474.6
j6 6130.7 2953.0 2864.7
j7 6184.2 2942.9 2363.9
j8 6366.1 2847.6 1571.1
j9 3636.7 1498.2 1945.2
k1 7472.5 4467.1 5063.9
k10 3385.0 1586.9 1811.6
k11 3306.0 1658.1 1709.4
k12 3116.5 1734.2 1481.8
k13 9549.0 1155.8 1440.2
k14 3569.3 3828.6 1607.7
k15 2662.5 1083.1 8290.8
k16 10389.1 5320.6 8304.7
k17 3417.2 4832.0 7763.9
k18 9513.3 1405.4 8507.0
k19 10410.1 3956.5 1530.0
k2 6662.4 4709.5 3980.1
k20 9956.4 4415.8 7750.5
k21 10219.5 4919.7 7942.3
k22 10072.6 4714.9 6776.3
k3 5915.6 4840.1 3233.1
k4 5651.3 4943.4 2915.8
k5 4983.3 2710.0 3118.3
k6 4567.3 2911.1 2616.3
k7 4270.9 3091.4 2236.7
k8 3717.7 3390.2 1610.4
k9 3508.5 1530.5 1930.7
l1 8100.4 4999.5 6703.1
l10 3293.4 1636.6 1984.4
l11 3172.0 1712.9 1944.0
l12 3027.1 1779.2 1871.8
l13 10020.7 1327.6 1504.8
l14 3738.6 4323.9 1717.4
l15 2725.2 1190.9 8963.7
l16 10755.2 5582.4 8859.7
l17 3664.1 5171.8 8240.0
l18 10181.5 1915.9 9274.5
l19 10643.4 4564.2 1766.6
l2 7124.7 5227.1 6410.8
l20 10426.9 5322.0 8376.8
l21 10226.6 5276.3 8234.9
l22 9474.2 5173.5 7820.5
l3 6260.1 5292.8 6073.6
l4 6142.8 5352.9 6073.2
l5 5080.4 3223.6 3913.5
l6 4368.4 3681.0 3682.3
l7 3911.5 4120.0 3366.2
l8 3578.2 4585.0 3037.2
l9 3439.6 1556.4 2022.6
