patch,r,g,b,refR,refG,refB,refX,refY,refZ
a1,6340.2,4283.5,6197.5,0,0,0,3.60,3.01,2.05
a10,2677.1,1305.2,1844.3,0,0,0,42.88,40.04,30.47
a11,2551.2,1386.2,1904.8,0,0,0,45.09,40.03,29.12
a12,2453.6,1445.1,1953.5,0,0,0,46.77,39.85,28.06
a13,2347.0,846.8,1236.2,0,0,0,71.78,75.46,63.09
a14,2295.1,882.4,1259.4,0,0,0,71.91,73.14,62.17
a15,2254.3,830.8,1226.8,0,0,0,74.11,76.98,63.06
a16,2276.5,841.4,1207.6,0,0,0,72.73,75.12,62.60
a17,2251.8,829.5,1207.1,0,0,0,74.05,76.81,62.33
a18,2231.6,802.7,1170.0,0,0,0,74.16,77.19,62.97
a19,2306.8,824.9,1131.2,0,0,0,69.16,71.70,62.05
a2,5335.5,4751.7,6425.2,0,0,0,4.42,2.97,1.76
a20,8951.4,5240.2,8286.6,0,0,0,1.37,1.12,0.78
a21,4795.3,4751.5,7929.2,0,0,0,5.17,3.27,0.85
a22,3473.8,4468.7,7761.1,0,0,0,10.35,5.90,0.91
a3,4761.6,5111.5,6804.1,0,0,0,5.12,3.01,1.46
a4,4630.8,5113.8,6820.5,0,0,0,5.65,3.26,1.60
a5,3995.2,2660.0,3600.4,0,0,0,12.71,10.97,7.93
a6,3504.6,3048.7,3846.2,0,0,0,15.07,11.10,6.97
a7,3130.3,3511.9,4067.6,0,0,0,17.42,11.10,6.06
a8,2792.6,4182.5,4326.4,0,0,0,20.36,11.07,5.12
a9,2819.7,1255.4,1799.8,0,0,0,40.62,39.94,31.49
b1,6577.4,4328.1,6812.4,0,0,0,3.35,2.93,1.63
b10,2655.9,1312.9,2040.6,0,0,0,42.59,40.11,26.44
b11,2526.7,1376.5,2197.1,0,0,0,44.29,39.94,23.52
b12,2417.3,1433.5,2380.1,0,0,0,45.98,39.89,21.17
b13,2534.2,856.0,1237.6,0,0,0,65.55,71.21,61.79
b14,2319.7,939.8,1254.1,0,0,0,68.80,67.99,60.07
b15,2267.0,859.4,1403.9,0,0,0,71.26,74.48,51.88
b16,2537.5,952.1,1390.1,0,0,0,57.82,60.00,49.14
b17,2292.8,948.4,1387.8,0,0,0,65.61,64.93,49.68
b18,2487.2,841.0,1358.2,0,0,0,62.84,68.83,51.29
b19,2485.0,890.0,1131.7,0,0,0,60.77,62.73,59.44
b2,5703.5,4741.3,7597.1,0,0,0,3.98,2.94,1.07
b20,6875.5,5079.3,8350.8,0,0,0,2.87,2.06,0.80
b21,3861.9,4711.5,8044.0,0,0,0,8.37,4.88,0.88
b22,2704.4,1731.4,2970.3,0,0,0,29.02,24.67,11.91
b3,5100.3,5096.3,8242.4,0,0,0,4.71,3.09,0.74
b4,4936.3,5140.5,8429.0,0,0,0,5.08,3.21,0.69
b5,3891.8,2721.6,4512.2,0,0,0,12.86,11.10,5.86
b6,3452.9,3111.6,5554.7,0,0,0,14.66,11.01,3.94
b7,3059.4,3682.0,6849.6,0,0,0,16.97,10.94,2.28
b8,2742.0,4377.1,7813.8,0,0,0,19.70,11.01,1.20
b9,2823.2,1256.5,1883.7,0,0,0,40.39,40.01,29.68
c1,6075.9,3630.2,6298.5,0,0,0,4.49,4.31,2.29
c10,2538.5,1172.7,2106.3,0,0,0,48.17,47.13,26.63
c11,2417.9,1199.4,2444.2,0,0,0,49.81,47.42,21.58
c12,2335.6,1224.9,2789.7,0,0,0,50.47,46.85,18.10
c13,2782.3,863.4,1232.8,0,0,0,58.24,65.94,60.94
c14,2343.8,1019.3,1241.5,0,0,0,64.18,60.73,57.45
c15,2278.9,881.7,1621.7,0,0,0,68.73,71.96,42.70
c16,2789.9,1074.1,1565.7,0,0,0,45.88,47.73,38.75
c17,2322.9,1071.0,1580.3,0,0,0,58.66,55.64,39.40
c18,2720.6,871.9,1560.3,0,0,0,53.28,61.12,41.61
c19,2753.1,980.1,1136.7,0,0,0,50.72,52.04,56.28
c2,5653.2,3891.5,7502.2,0,0,0,4.90,4.37,1.42
c20,8702.4,5185.7,8652.7,0,0,0,1.70,1.45,0.76
c21,2778.8,2414.3,5180.3,0,0,0,22.87,17.19,4.72
c22,2649.2,1426.1,2384.6,0,0,0,34.53,31.48,17.40
c3,5404.5,4128.9,8592.7,0,0,0,5.13,4.30,0.82
c4,5213.1,4005.5,8793.3,0,0,0,5.70,4.77,0.85
c5,3171.5,1754.1,3374.4,0,0,0,23.78,22.59,10.89
c6,2885.9,1879.5,5356.6,0,0,0,25.55,22.41,5.50
c7,2633.0,1965.2,7794.2,0,0,0,27.72,22.42,2.39
c8,2571.0,2064.0,8943.7,0,0,0,28.70,22.23,1.28
c9,2648.6,1138.2,1832.3,0,0,0,46.89,47.28,32.40
d1,6587.5,3540.7,6487.4,0,0,0,4.16,4.32,2.27
d10,2521.0,1024.1,1957.8,0,0,0,52.96,55.14,30.47
d11,2483.4,1018.1,2300.1,0,0,0,52.49,54.62,24.44
d12,2403.3,934.7,4030.6,0,0,0,52.17,54.65,11.69
d13,3054.0,869.9,1218.7,0,0,0,51.28,60.55,59.94
d14,2378.8,1132.9,1238.7,0,0,0,58.99,52.82,54.44
d15,2260.6,890.9,1848.2,0,0,0,66.07,69.08,34.69
d16,3097.1,1247.1,1815.5,0,0,0,35.35,36.71,29.94
d17,2342.2,1222.4,1794.1,0,0,0,51.68,46.54,30.64
d18,2986.6,895.7,1783.2,0,0,0,44.32,53.48,33.27
d19,3053.3,1092.9,1155.5,0,0,0,41.16,41.63,52.50
d2,6669.1,3633.2,7702.5,0,0,0,4.07,4.26,1.47
d20,3444.4,3038.4,6638.8,0,0,0,13.96,10.52,2.72
d21,3325.9,1713.0,3081.0,0,0,0,21.28,20.60,11.58
d22,2582.3,1255.6,2210.7,0,0,0,38.28,36.52,19.91
d3,6778.2,3673.8,8852.3,0,0,0,4.08,4.30,0.89
d4,6491.3,3472.9,9095.4,0,0,0,4.69,4.91,0.92
d5,3197.3,1455.1,2956.1,0,0,0,26.68,27.74,13.94
d6,3127.7,1418.4,4669.5,0,0,0,26.33,27.41,7.43
d7,3077.7,1253.4,7312.0,0,0,0,26.10,27.43,3.60
d8,3130.2,1114.8,9483.0,0,0,0,25.91,27.31,1.65
d9,2561.1,1017.3,1667.4,0,0,0,53.02,55.12,37.61
e1,7232.1,3466.1,6543.5,0,0,0,3.71,4.20,2.30
e10,3093.3,1160.9,2300.4,0,0,0,36.12,40.08,23.52
e11,3179.7,1140.0,2629.8,0,0,0,34.48,39.54,19.51
e12,3406.0,988.5,3997.2,0,0,0,31.25,39.49,11.51
e13,3384.4,875.1,1215.5,0,0,0,44.56,54.93,58.76
e14,2413.0,1263.0,1226.2,0,0,0,53.83,45.36,51.25
e15,2236.6,894.1,2138.8,0,0,0,63.56,66.14,27.30
e16,3449.0,1449.4,2126.5,0,0,0,26.43,27.39,22.31
e17,2385.1,1428.8,2105.5,0,0,0,45.25,38.47,22.96
e18,3288.8,914.5,2070.9,0,0,0,36.26,46.15,25.81
e19,3426.7,1229.7,1169.0,0,0,0,32.70,32.33,48.49
e2,7776.2,3415.3,7987.8,0,0,0,3.39,4.21,1.48
e20,2578.8,2743.7,8489.5,0,0,0,24.10,16.56,1.28
e21,3209.7,2427.4,7116.8,0,0,0,16.87,13.84,2.61
e22,2631.2,1696.2,4028.7,0,0,0,29.42,25.29,8.09
e3,8347.1,3318.9,9120.0,0,0,0,3.12,4.17,0.94
e4,8348.5,3186.7,9361.8,0,0,0,3.34,4.54,0.97
e5,4576.4,1980.9,4161.5,0,0,0,12.46,14.03,7.52
e6,4937.8,1793.1,6061.1,0,0,0,11.51,14.17,4.54
e7,5502.2,1541.4,8125.9,0,0,0,10.28,14.01,2.58
e8,6311.3,1328.3,9725.2,0,0,0,9.41,13.94,1.45
e9,3029.8,1181.5,1999.2,0,0,0,37.32,40.04,27.82
f1,9265.7,4696.9,7764.4,0,0,0,1.44,1.82,1.33
f10,3297.8,1136.8,1899.8,0,0,0,35.06,39.82,30.35
f11,3464.7,1102.0,1988.3,0,0,0,33.34,39.72,28.68
f12,4013.9,982.0,2177.2,0,0,0,28.72,39.60,25.54
f13,3845.2,883.1,1208.2,0,0,0,37.91,49.00,57.14
f14,2470.6,1443.3,1251.0,0,0,0,48.68,38.42,47.78
f15,2213.6,898.0,2535.2,0,0,0,61.43,63.43,21.20
f16,3909.4,1712.3,2512.5,0,0,0,19.07,19.84,16.29
f17,2412.3,1695.6,2531.7,0,0,0,39.69,31.74,17.01
f18,3704.0,935.4,2468.2,0,0,0,29.06,39.29,19.71
f19,3942.2,1387.0,1155.8,0,0,0,25.36,24.37,44.23
f2,9807.3,4634.5,8299.2,0,0,0,1.14,1.81,1.11
f20,3089.0,1618.7,3230.7,0,0,0,25.51,24.40,11.61
f21,2602.2,1467.4,3496.3,0,0,0,32.92,29.82,10.41
f22,2504.1,1273.9,2625.5,0,0,0,37.76,35.31,15.44
f3,10142.1,4540.6,8876.2,0,0,0,0.96,1.86,0.95
f4,10296.4,4389.5,9065.9,0,0,0,1.04,2.07,1.04
f5,6868.5,2458.4,4731.2,0,0,0,6.56,8.17,5.70
f6,8366.3,2178.3,5510.7,0,0,0,5.29,8.10,4.88
f7,9516.1,1984.4,6449.8,0,0,0,4.12,7.88,4.01
f8,10159.7,1801.5,7721.5,0,0,0,3.17,7.93,3.15
f9,3132.3,1170.6,1840.9,0,0,0,36.82,39.95,31.21
g1,8865.4,3943.7,6155.4,0,0,0,2.24,2.84,2.62
g10,3392.1,1118.7,1736.7,0,0,0,34.81,40.06,34.24
g11,3640.5,1091.0,1745.1,0,0,0,32.74,39.52,34.75
g12,4453.0,943.2,1615.2,0,0,0,28.17,39.67,37.32
g13,4402.4,884.5,1197.7,0,0,0,32.34,43.69,55.43
g14,2538.8,1684.3,1274.1,0,0,0,43.33,31.66,43.84
g15,2183.2,894.1,3098.4,0,0,0,59.44,60.70,15.78
g16,4505.0,2072.4,3053.3,0,0,0,13.19,13.68,11.25
g17,2446.8,2058.0,3075.4,0,0,0,34.42,25.62,11.79
g18,4214.3,944.2,3019.2,0,0,0,22.98,33.15,14.47
g19,4634.3,1605.3,1164.2,0,0,0,19.22,17.59,39.78
g2,9684.4,3818.1,6140.2,0,0,0,1.80,2.81,2.81
g20,2673.3,1300.1,2878.1,0,0,0,35.48,34.29,14.35
g21,2607.2,1308.2,3971.6,0,0,0,33.68,32.18,9.03
g22,2111.7,860.3,8042.6,0,0,0,44.97,41.42,2.73
g3,10074.8,3694.2,6185.8,0,0,0,1.51,2.88,3.06
g4,10244.4,3573.2,6156.4,0,0,0,1.63,3.14,3.31
g5,6161.3,2095.9,3392.8,0,0,0,9.02,11.02,9.72
g6,7772.2,1872.1,3314.2,0,0,0,7.51,10.82,10.37
g7,9318.1,1693.8,3322.5,0,0,0,6.21,10.78,10.87
g8,10116.4,1600.0,3299.7,0,0,0,4.84,10.54,11.46
g9,3192.2,1175.6,1766.7,0,0,0,36.78,40.10,33.33
gs0,2113.1,804.0,1085.0,0,0,0,74.72,77.75,63.04
gs1,2252.3,875.0,1195.8,0,0,0,65.56,67.88,55.45
gs10,4028.0,1798.1,2623.8,0,0,0,18.22,18.88,15.51
gs11,4353.3,2011.7,2934.0,0,0,0,15.15,15.65,12.67
gs12,4714.2,2188.2,3221.9,0,0,0,12.54,12.98,10.68
gs13,5183.8,2446.1,3619.4,0,0,0,10.08,10.41,8.63
gs14,5729.2,2725.1,4066.1,0,0,0,8.00,8.24,6.87
gs15,6375.9,3013.0,4627.7,0,0,0,6.21,6.42,5.29
gs16,7150.3,3445.8,5260.1,0,0,0,4.68,4.81,4.05
gs17,7986.9,3929.3,6073.2,0,0,0,3.52,3.65,3.03
gs18,8716.4,4417.6,6803.8,0,0,0,2.57,2.68,2.23
gs19,9347.9,4877.0,7576.8,0,0,0,1.75,1.84,1.54
gs2,2380.9,927.3,1291.8,0,0,0,58.77,60.99,49.71
gs20,9791.6,5254.7,8228.3,0,0,0,1.17,1.22,1.07
gs21,9904.6,5335.9,8490.7,0,0,0,0.95,1.00,0.87
gs22,9889.1,5334.4,8646.7,0,0,0,0.75,0.80,0.70
gs23,9989.6,5340.1,8664.0,0,0,0,0.43,0.52,0.56
gs3,2529.9,991.4,1389.2,0,0,0,52.06,53.98,44.05
gs4,2685.3,1060.1,1514.9,0,0,0,45.81,47.44,38.70
gs5,2877.8,1152.7,1663.0,0,0,0,39.71,41.23,33.59
gs6,3059.5,1244.4,1796.4,0,0,0,34.84,36.16,29.36
gs7,3265.4,1358.0,1967.0,0,0,0,30.03,31.18,25.42
gs8,3515.3,1481.9,2149.4,0,0,0,25.60,26.60,21.81
gs9,3758.6,1638.8,2376.4,0,0,0,21.49,22.27,18.18
h1,8706.4,3971.2,5436.1,0,0,0,2.48,2.90,3.30
h10,3365.7,1146.1,1560.8,0,0,0,35.94,39.86,39.41
h11,3588.0,1094.4,1458.2,0,0,0,34.77,40.11,43.54
h12,4340.1,973.6,1220.6,0,0,0,31.37,39.86,53.60
h13,5183.9,878.4,1186.1,0,0,0,27.40,38.66,53.54
h14,2602.2,1997.7,1274.3,0,0,0,38.54,25.97,40.04
h15,2151.3,876.9,3879.4,0,0,0,57.65,58.09,11.55
h16,5393.0,2540.3,3804.5,0,0,0,8.79,9.09,7.52
h17,2479.3,2498.6,3857.5,0,0,0,30.00,20.76,7.97
h18,4932.8,947.7,3788.1,0,0,0,17.94,27.73,10.39
h19,5719.8,1879.0,1153.9,0,0,0,14.43,12.32,35.59
h2,9516.8,3841.9,4747.8,0,0,0,2.18,2.89,4.31
h20,2580.7,1120.4,2867.1,0,0,0,40.11,40.56,15.11
h21,3013.4,1255.0,2131.7,0,0,0,30.41,31.53,20.14
h22,2766.1,1057.5,3503.0,0,0,0,34.18,37.07,11.10
h3,10135.7,3781.8,4235.9,0,0,0,1.91,2.82,5.47
h4,10270.9,3516.4,3953.5,0,0,0,2.07,3.18,6.44
h5,5971.1,2172.4,2909.8,0,0,0,9.54,10.90,11.81
h6,7564.5,1941.6,2460.5,0,0,0,8.56,10.92,15.18
h7,9196.2,1752.2,2136.9,0,0,0,7.56,10.80,18.87
h8,10104.9,1625.9,1864.4,0,0,0,6.47,10.48,23.24
h9,3194.3,1180.3,1667.7,0,0,0,37.10,39.87,36.01
i1,7384.0,3455.0,3925.8,0,0,0,4.16,4.25,5.57
i10,3105.0,1206.7,1549.0,0,0,0,38.68,39.92,39.37
i11,3165.1,1199.5,1457.4,0,0,0,38.82,39.95,43.10
i12,3259.1,1147.8,1239.6,0,0,0,39.39,40.48,52.11
i13,6204.8,858.1,1165.0,0,0,0,22.98,33.84,51.30
i14,2680.9,2373.0,1269.1,0,0,0,33.71,20.65,35.93
i15,2128.9,854.5,4894.7,0,0,0,55.88,55.42,8.16
i16,6614.6,3193.1,4906.4,0,0,0,5.48,5.63,4.71
i17,2530.7,3064.0,4809.0,0,0,0,25.84,16.48,5.07
i18,5954.7,925.8,4844.0,0,0,0,13.69,22.84,7.12
i19,7148.5,2217.1,1168.9,0,0,0,10.53,8.11,31.26
i2,8210.0,3290.0,2968.1,0,0,0,4.22,4.26,8.42
i20,2687.1,990.0,2838.9,0,0,0,40.46,44.14,15.57
i21,5066.8,1446.7,6851.2,0,0,0,10.60,14.14,3.33
i22,3441.4,961.6,2542.0,0,0,0,27.73,35.54,16.85
i3,9047.8,3138.3,2359.3,0,0,0,4.25,4.23,11.70
i4,10236.5,2812.8,1726.2,0,0,0,4.30,4.22,18.88
i5,4580.9,2051.7,2524.8,0,0,0,13.90,14.27,15.06
i6,4914.5,1996.5,2097.9,0,0,0,13.87,14.18,19.13
i7,5275.1,1946.8,1820.2,0,0,0,14.09,14.30,23.57
i8,6909.0,1677.4,1289.9,0,0,0,14.17,14.28,37.97
i9,3058.4,1219.5,1669.7,0,0,0,38.44,39.68,35.70
j1,8647.0,4866.2,5448.3,0,0,0,2.03,1.81,2.98
j10,2987.1,1242.4,1551.8,0,0,0,40.38,40.15,39.28
j11,2974.0,1239.5,1427.5,0,0,0,41.50,40.42,43.68
j12,2960.7,1237.2,1254.9,0,0,0,43.00,40.44,51.03
j13,7482.1,844.6,1170.6,0,0,0,19.05,29.21,48.71
j14,2791.5,2834.5,1282.9,0,0,0,29.51,16.47,32.13
j15,2098.9,799.3,6489.4,0,0,0,54.05,52.52,5.29
j16,8189.4,4119.7,6497.5,0,0,0,3.10,3.21,2.66
j17,2596.3,3741.0,6293.2,0,0,0,22.32,13.18,2.86
j18,7229.0,896.1,6401.9,0,0,0,10.10,18.32,4.50
j19,8727.4,2626.6,1162.2,0,0,0,7.58,5.05,27.03
j2,8791.2,4851.2,3997.8,0,0,0,2.43,1.89,4.86
j20,3497.9,956.1,2094.8,0,0,0,29.46,37.68,22.04
j21,9025.5,1642.9,9058.2,0,0,0,4.00,7.61,1.46
j22,9905.2,4197.9,8844.1,0,0,0,1.27,2.04,0.96
j3,9261.6,4687.8,2900.5,0,0,0,2.75,1.86,7.76
j4,10439.0,3960.0,1548.5,0,0,0,3.89,1.92,19.02
j5,4819.3,2455.4,2876.4,0,0,0,11.37,11.02,11.93
j6,4825.5,2472.3,2367.1,0,0,0,12.09,11.01,15.55
j7,4811.5,2436.5,1901.1,0,0,0,13.09,11.24,20.23
j8,5002.3,2393.5,1309.8,0,0,0,15.11,11.12,33.57
j9,3023.1,1236.9,1660.2,0,0,0,39.41,40.08,36.29
k1,5967.2,3843.7,4176.1,0,0,0,5.15,4.32,5.09
k10,2812.8,1296.0,1548.1,0,0,0,42.98,40.37,39.23
k11,2738.6,1343.9,1452.0,0,0,0,44.92,40.27,42.42
k12,2551.9,1392.0,1246.4,0,0,0,48.93,40.18,48.91
k13,8654.3,867.4,1195.2,0,0,0,15.44,24.54,45.44
k14,2922.4,3383.5,1318.8,0,0,0,25.29,12.75,27.93
k15,2093.3,742.4,8120.6,0,0,0,52.06,49.38,3.26
k16,9727.3,5208.5,8147.5,0,0,0,1.54,1.61,1.35
k17,2709.1,4571.5,7642.2,0,0,0,18.93,10.33,1.47
k18,8576.3,917.0,8214.4,0,0,0,6.97,13.97,2.67
k19,9971.5,3244.7,1209.3,0,0,0,5.37,2.89,22.62
k2,5200.0,4157.4,3158.9,0,0,0,6.39,4.32,7.23
k20,9271.4,3779.1,7496.9,0,0,0,2.28,3.02,1.91
k21,9955.2,4606.0,7801.0,0,0,0,1.26,1.72,1.49
k22,9801.2,4239.6,5980.4,0,0,0,1.62,2.10,2.79
k3,4650.3,4357.6,2525.1,0,0,0,7.75,4.37,9.62
k4,4514.1,4538.7,2307.7,0,0,0,8.62,4.45,11.15
k5,4025.6,2269.0,2556.8,0,0,0,15.56,14.22,14.49
k6,3741.1,2458.0,2176.1,0,0,0,17.79,14.33,18.03
k7,3506.3,2606.5,1822.7,0,0,0,20.02,14.38,21.96
k8,3075.7,2921.1,1322.8,0,0,0,25.52,14.48,31.69
k9,2916.7,1255.3,1657.7,0,0,0,40.84,40.34,36.15
l1,6604.6,4571.4,5953.2,0,0,0,3.58,2.92,2.64
l10,2718.6,1322.2,1668.2,0,0,0,43.02,39.82,34.15
l11,2609.6,1381.6,1638.1,0,0,0,45.36,39.98,35.08
l12,2459.3,1414.9,1554.6,0,0,0,48.06,40.19,35.97
l13,9482.0,956.8,1227.0,0,0,0,12.12,19.77,41.27
l14,3090.3,3927.0,1388.8,0,0,0,21.34,9.74,23.64
l15,2144.3,771.3,9443.9,0,0,0,48.52,44.71,1.86
l16,10605.4,5829.7,9425.1,0,0,0,0.63,0.68,0.60
l17,2920.2,5282.3,8562.3,0,0,0,15.51,7.82,0.67
l18,9602.5,1189.5,9668.2,0,0,0,4.37,9.78,1.44
l19,10555.7,4024.6,1367.8,0,0,0,3.85,1.60,18.27
l2,5562.6,4971.7,5573.3,0,0,0,4.48,2.96,2.93
l20,10330.7,5544.2,8722.8,0,0,0,0.71,0.78,0.82
l21,9907.9,5401.4,8273.5,0,0,0,0.96,0.93,1.01
l22,8384.8,5139.5,7603.2,0,0,0,1.94,1.57,1.38
l3,4894.8,5198.3,5232.5,0,0,0,5.39,3.12,3.23
l4,4797.6,5193.9,5069.9,0,0,0,5.95,3.40,3.57
l5,4086.8,2705.4,3229.9,0,0,0,12.96,11.08,9.97
l6,3597.3,3127.4,2963.6,0,0,0,15.38,10.99,10.69
l7,3238.2,3616.6,2676.8,0,0,0,18.18,11.02,11.56
l8,2933.4,4180.6,2355.3,0,0,0,21.16,10.96,12.58
l9,2849.6,1263.3,1709.9,0,0,0,40.94,39.99,33.66
